profile	trip	series	lib_number	lib_rank	site	compartment	dna_conc	neighbour_excess_similarity
e0325_10Dr2	1	JUL_M25	325	0	10	Deep	0.023396143844205	
e0326_10PRr2	1	JUL_M25	326	1	10	Rhizosphere	0	
e0327_10Sr2	1	JUL_M25	327	2	10	Surface	0.015569376299201	0.0091
e0328_10Sr3	1	JUL_M25	328	3	10	Surface	0.009257466988714	-0.0558
e0329_11Dr3	1	JUL_M25	329	4	11	Deep	5.34025399123065	0.0593
e0330_11PRr3	1	JUL_M25	330	5	11	Rhizosphere		-0.0610
e0331_11Sr2	1	JUL_M25	331	6	11	Surface	0.00324011344605	0.1211
e0332_12PRr1	1	JUL_M25	332	7	12	Rhizosphere	0.014896105972749	-0.0072
e0333_12PRr3	1	JUL_M25	333	8	12	Rhizosphere	0.062782457941644	-0.1286
e0334_12Sr1	1	JUL_M25	334	9	12	Surface	0.008331720289843	0.2225
e0335_12Sr3	1	JUL_M25	335	10	12	Surface	0	0.0377
e0336_13Dr1	1	JUL_M25	336	11	13	Deep	0.013128771365813	0.1233
e0337_13Dr3	1	JUL_M25	337	12	13	Deep	0.002945557678227	0.1598
e0338_13Sr2	1	JUL_M25	338	13	13	Surface	0.01321293015662	0.2151
e0339_14Dr1	1	JUL_M25	339	14	14	Deep	0.014391153227911	0.1179
e0340_14Dr3	1	JUL_M25	340	15	14	Deep	1.3103102934617	0.0827
e0341_14PRr1	1	JUL_M25	341	16	14	Rhizosphere	1.44454356479806	
e0342_14PRr2	1	JUL_M25	342	17	14	Rhizosphere	7.17070769127189	-0.0588
e0343_14Sr2	1	JUL_M25	343	18	14	Surface	0.415281553234643	-0.1452
e0344_15Dr1	1	JUL_M25	344	19	15	Deep	0.060720567566885	-0.0354
e0345_15Dr3	1	JUL_M25	345	20	15	Deep	0.028193194920175	0.0280
e0346_15PRr1	1	JUL_M25	346	21	15	Rhizosphere	0.835654713313079	
e0347_15PRr2	1	JUL_M25	347	22	15	Rhizosphere	0.793996111863865	
e0348_15PRr3	1	JUL_M25	348	23	15	Rhizosphere	0.4523114211895	
e0349_15Sr1	1	JUL_M25	349	24	15	Surface	0.047675954991879	0.2452
e0350_15Sr3	1	JUL_M25	350	25	15	Surface	0.011740151317506	0.2194
e0351_16Dr1	1	JUL_M25	351	26	16	Deep	0.038460567398568	0.2607
e0352_16Dr3	1	JUL_M25	352	27	16	Deep	0.017420869696944	0.1960
e0353_16PRr2	1	JUL_M25	353	28	16	Rhizosphere	0.04704476406083	
e0354_16PRr3	1	JUL_M25	354	29	16	Rhizosphere	0.056428469235754	-0.0268
e0355_16Sr1	1	JUL_M25	355	30	16	Surface	0.033789754508807	-0.0468
e0356_17Dr1	1	JUL_M25	356	31	17	Deep	0.02099761830622	-0.0559
e0357_17Dr3	1	JUL_M25	357	32	17	Deep	0.01152975434049	0.0086
e0358_17PRr2	1	JUL_M25	358	33	17	Rhizosphere	4.00928271462596	0.1230
e0359_18PRr1	1	JUL_M25	359	34	18	Rhizosphere	0.075784991121248	-0.0279
e0360_18PRr2	1	JUL_M25	360	35	18	Rhizosphere	9.11898369844222	0.1547
e0361_18Sr1	1	JUL_M25	361	36	18	Surface	0	0.0653
e0362_18Sr2	1	JUL_M25	362	37	18	Surface	0.00336635163226	0.0269
e0363_19Dr2	1	JUL_M25	363	38	19	Deep	0.002693081305808	0.0029
e0364_1Dr1	1	JUL_M25	364	39	1	Deep	0.4565193607	0.0932
e0365_1Dr2	1	JUL_M25	365	40	1	Deep	5.403373084	0.0665
e0366_1PRr2	1	JUL_M25	366	41	1	Rhizosphere	6.3147509	
e0367_1PRr3	1	JUL_M25	367	42	1	Rhizosphere	9.758590509	
e0368_1Sr1	1	JUL_M25	368	43	1	Surface	0.01451739141	0.0051
e0369_1Sr3	1	JUL_M25	369	44	1	Surface	0.4157023472	-0.0291
e0370_20Dr2	1	JUL_M25	370	45	20	Deep	0	-0.0517
e0371_20PRr1	1	JUL_M25	371	46	20	Rhizosphere	0	-0.0545
e0372_20PRr2	1	JUL_M25	372	47	20	Rhizosphere	0.013699803065331	0.0491
e0373_21Dr1	1	JUL_M25	373	48	21	Deep		0.1671
e0374_21Sr1	1	JUL_M25	374	49	21	Surface	0	0.0704
e0375_21Sr2	1	JUL_M25	375	50	21	Surface		0.0159
e0376_22Dr1	1	JUL_M25	376	51	22	Deep	0.62218511858892	0.0867
e0377_22Dr2	1	JUL_M25	377	52	22	Deep	0.033222022433428	0.0835
e0378_22PRr1	1	JUL_M25	378	53	22	Rhizosphere	0.069440876787396	-0.0815
e0379_22PRr3	1	JUL_M25	379	54	22	Rhizosphere	0.041912835002997	0.1949
e0380_23Dr1	1	JUL_M25	380	55	23	Deep	0	-0.0513
e0381_23Sr2	1	JUL_M25	381	56	23	Surface		0.1193
e0382_24Dr1	1	JUL_M25	382	57	24	Deep	0.001712475383166	0.0556
e0383_24Dr2	1	JUL_M25	383	58	24	Deep	0.067343094443017	0.0973
e0385_25Dr1	1	JUL_M25	385	59	25	Deep	0.007063960955561	0.0531
e0386_25Dr3	1	JUL_M25	386	60	25	Deep	0.004538059765391	0.0674
e0387_25PRr2	1	JUL_M25	387	61	25	Rhizosphere	0.720224334275195	
e0388_25Sr1	1	JUL_M25	388	62	25	Surface	0	-0.0514
e0389_25Sr2	1	JUL_M25	389	63	25	Surface	0	0.0045
e0390_26Dr1	1	JUL_M25	390	64	26	Deep	0	-0.0082
e0391_26Dr2	1	JUL_M25	391	65	26	Deep	0	0.0113
e0392_26Dr3	1	JUL_M25	392	66	26	Deep	0	
e0393_26PRr2	1	JUL_M25	393	67	26	Rhizosphere	0.011559208836373	
e0394_26PRr3	1	JUL_M25	394	68	26	Rhizosphere	0	
e0395_26Sr2	1	JUL_M25	395	69	26	Surface	0.004152752804178	-0.0013
e0396_26Sr3	1	JUL_M25	396	70	26	Surface	0	-0.0120
e0397_27Dr1	1	JUL_M25	397	71	27	Deep	0	0.0665
e0398_27Dr3	1	JUL_M25	398	72	27	Deep	0.057796044181865	0.0587
e0399_27PRr1	1	JUL_M25	399	73	27	Rhizosphere		
e0400_27PRr2	1	JUL_M25	400	74	27	Rhizosphere	0.141707337957017	
e0401_27Sr2	1	JUL_M25	401	75	27	Surface	0	-0.2127
e0402_27Sr3	1	JUL_M25	402	76	27	Surface	0	-0.2262
e0403_28Dr1	1	JUL_M25	403	77	28	Deep	0	0.0038
e0404_28Dr3	1	JUL_M25	404	78	28	Deep	0	0.0020
e0405_28PRr3	1	JUL_M25	405	79	28	Rhizosphere	0.0288552	
e0406_28Sr2	1	JUL_M25	406	80	28	Surface	0	-0.0348
e0407_28Sr3	1	JUL_M25	407	81	28	Surface		-0.0178
e0408_29Dr1	1	JUL_M25	408	82	29	Deep	0	0.0080
e0409_29Dr2	1	JUL_M25	409	83	29	Deep	0	0.0017
e0410_29Dr3	1	JUL_M25	410	84	29	Deep	0	
e0411_29PRr1	1	JUL_M25	411	85	29	Rhizosphere		
e0412_29PRr3	1	JUL_M25	412	86	29	Rhizosphere	0.022334458516281	-0.0099
e0413_29Sr1	1	JUL_M25	413	87	29	Surface	0	0.0060
e0414_2Dr1	1	JUL_M25	414	88	2	Deep		0.0007
e0415_2Dr3	1	JUL_M25	415	89	2	Deep		-0.0185
e0416_2PRr2	1	JUL_M25	416	90	2	Rhizosphere	11.18929	-0.0167
e0417_2Sr3	1	JUL_M25	417	91	2	Surface	0.8890955	0.0280
e0418_30Dr1	1	JUL_M25	418	92	30	Deep	0	-0.0162
e0419_30PRr1	1	JUL_M25	419	93	30	Rhizosphere	0.2375631	0.0157
e0420_30PRr3	1	JUL_M25	420	94	30	Rhizosphere	0.635028683962668	
e0421_30Sr1	1	JUL_M25	421	95	30	Surface	0	-0.0656
e0422_30Sr3	1	JUL_M25	422	96	30	Surface		-0.0951
e0423_31Dr2	1	JUL_M25	423	97	31	Deep	0	0.0024
e0424_31PRr2	1	JUL_M25	424	98	31	Rhizosphere	0.713374432742529	0.0110
e0425_31PRr3	1	JUL_M25	425	99	31	Rhizosphere	1.13592773353883	-0.1842
e0426_31Sr2	1	JUL_M25	426	100	31	Surface	0.011302337528898	-0.0159
e0427_32PRr2	1	JUL_M25	427	101	32	Rhizosphere	0	-0.0972
e0428_33Dr2	1	JUL_M25	428	102	33	Deep	0.00560835687987	0.0008
e0429_33PRr1	1	JUL_M25	429	103	33	Rhizosphere	0.016182892370922	-0.1615
e0430_33PRr2	1	JUL_M25	430	104	33	Rhizosphere	0	-0.0292
e0431_33Sr1	1	JUL_M25	431	105	33	Surface	0	-0.0372
e0432_34Dr2	1	JUL_M25	432	106	34	Deep	0	0.0330
e0433_34PRr1	1	JUL_M25	433	107	34	Rhizosphere	0.979664354824899	-0.0204
e0434_34PRr3	1	JUL_M25	434	108	34	Rhizosphere	0.833247709564175	
e0435_34Sr1	1	JUL_M25	435	109	34	Surface	0	-0.0052
e0436_34Sr3	1	JUL_M25	436	110	34	Surface	0	-0.0255
e0437_35Dr2	1	JUL_M25	437	111	35	Deep	0	0.1399
e0438_35Dr3	1	JUL_M25	438	112	35	Deep	0.000899049576162	0.0544
e0439_35Sr2	1	JUL_M25	439	113	35	Surface	0.024507866234485	-0.0645
e0440_36Dr2	1	JUL_M25	440	114	36	Deep	0.195311882362242	0.0431
e0441_36Dr3	1	JUL_M25	441	115	36	Deep	0.024468337417978	0.0537
e0442_36Sr3	1	JUL_M25	442	116	36	Surface	0.001185864495217	0.2232
e0443_37Dr2	1	JUL_M25	443	117	37	Deep	0.022966242390703	0.0069
e0444_37Dr3	1	JUL_M25	444	118	37	Deep	0.001818325559333	0.1630
e0445_37PRr2	1	JUL_M25	445	119	37	Rhizosphere	1.2753972646059	
e0446_37PRr3	1	JUL_M25	446	120	37	Rhizosphere	0.425132421535299	
e0447_37Sr1	1	JUL_M25	447	121	37	Surface	0.005099217329433	0.1986
e0448_37Sr2	1	JUL_M25	448	122	37	Surface	0.021898964345008	0.1426
e0449_38Dr2	1	JUL_M25	449	123	38	Deep		0.2119
e0450_38Dr3	1	JUL_M25	450	124	38	Deep	0.005454976677998	0.1559
e0451_38PRr2	1	JUL_M25	451	125	38	Rhizosphere	1.30148628350067	-0.0931
e0452_38Sr2	1	JUL_M25	452	126	38	Surface		-0.1446
e0453_39Dr2	1	JUL_M25	453	127	39	Deep	0.020278282868211	0.0052
e0454_39PRr1	1	JUL_M25	454	128	39	Rhizosphere	0.09917780061665	0.0775
e0455_39PRr3	1	JUL_M25	455	129	39	Rhizosphere	0.290734445410704	0.0625
e0456_39Sr3	1	JUL_M25	456	130	39	Surface	0	0.0999
e0457_3Dr2	1	JUL_M25	457	131	3	Deep	0.07161913098	0.0080
e0458_3PRr1	1	JUL_M25	458	132	3	Rhizosphere	0.4743005274	-0.0005
e0459_3PRr3	1	JUL_M25	459	133	3	Rhizosphere	0.8313875	-0.0307
e0460_40Dr1	1	JUL_M25	460	134	40	Deep		-0.0864
e0461_40Dr2	1	JUL_M25	461	135	40	Deep	0.008024349750968	-0.1869
e0462_40PRr2	1	JUL_M25	462	136	40	Rhizosphere	0.013597912878488	-0.1257
e0463_41PRr2	1	JUL_M25	463	137	41	Rhizosphere		-0.0044
e0464_42Dr1	1	JUL_M25	464	138	42	Deep	0.009091627796664	-0.0585
e0466_42PRr1	1	JUL_M25	466	139	42	Rhizosphere	1.79006245553008	-0.2236
e0467_42PRr2	1	JUL_M25	467	140	42	Rhizosphere		
e0468_42Sr1	1	JUL_M25	468	141	42	Surface	0.02344058818879	0.0706
e0469_42Sr2	1	JUL_M25	469	142	42	Surface	0.029172266582339	0.1143
e0470_43Dr1	1	JUL_M25	470	143	43	Deep	0.055577516009171	0.1020
e0471_43Dr2	1	JUL_M25	471	144	43	Deep	0.046169657680449	0.1760
e0472_43PRr2	1	JUL_M25	472	145	43	Rhizosphere	0.036761799351728	0.0569
e0473_43Sr2	1	JUL_M25	473	146	43	Surface	0.02415210688592	0.1041
e0474_44Dr2	1	JUL_M25	474	147	44	Deep	1.20187366590244	0.0652
e0475_44PRr3	1	JUL_M25	475	148	44	Rhizosphere	0.025100798482094	-0.1461
e0476_45Dr3	1	JUL_M25	476	149	45	Deep		-0.0318
e0477_45PRr2	1	JUL_M25	477	150	45	Rhizosphere	7.96327772946478	-0.0056
e0478_46PRr1	1	JUL_M25	478	151	46	Rhizosphere	0.014744248557198	-0.0655
e0480_47Dr2	1	JUL_M25	480	152	47	Deep	0.012412048383271	-0.1027
e0481_47Dr3	1	JUL_M25	481	153	47	Deep	0.023322001739268	-0.0810
e0482_47PRr1	1	JUL_M25	482	154	47	Rhizosphere	0	0.0982
e0483_47Sr1	1	JUL_M25	483	155	47	Surface	0.029686141196933	-0.0530
e0484_48Dr2	1	JUL_M25	484	156	48	Deep	0.346470076685904	0.0127
e0486_48Sr2	1	JUL_M25	486	157	48	Surface	65.4144596410783	0.0870
e0487_49Dr2	1	JUL_M25	487	158	49	Deep	3.25065222547237	0.1233
e0488_49Sr2	1	JUL_M25	488	159	49	Surface		-0.0786
e0489_49Sr3	1	JUL_M25	489	160	49	Surface	0.015020950272749	-0.0055
e0490_4Dr3	1	JUL_M25	490	161	4	Deep	1.319988554	0.0288
e0491_4PRr1	1	JUL_M25	491	162	4	Rhizosphere	5.150896712	0.0048
e0492_4PRr2	1	JUL_M25	492	163	4	Rhizosphere	0.3214445015	
e0493_4PRr3	1	JUL_M25	493	164	4	Rhizosphere		-0.0197
e0494_4Sr1	1	JUL_M25	494	165	4	Surface	0.01906196612	0.0363
e0495_50Dr1	1	JUL_M25	495	166	50	Deep	17.620167602182	0.0174
e0496_50Dr2	1	JUL_M25	496	167	50	Deep		0.0066
e0497_50PRr2	1	JUL_M25	497	168	50	Rhizosphere	0.159577832239703	
e0498_50Sr1	1	JUL_M25	498	169	50	Surface	0.011068068622026	0.0052
e0499_50Sr3	1	JUL_M25	499	170	50	Surface	0.006798956439244	-0.0694
e0500_51Dr1	1	JUL_M25	500	171	51	Deep	0.716459799193612	0.0304
e0501_51Dr3	1	JUL_M25	501	172	51	Deep	0.020120167602182	0.0303
e0502_51PRr3	1	JUL_M25	502	173	51	Rhizosphere	1.3082061823069	0.2822
e0503_52Dr1	1	JUL_M25	503	174	52	Deep	0.032848446517511	0.1413
e0504_53Dr2	1	JUL_M25	504	175	53	Deep	0.008522727272727	-0.0382
e0505_53Dr3	1	JUL_M25	505	176	53	Deep	0	-0.0500
e0506_53PRr2	1	JUL_M25	506	177	53	Rhizosphere	0.056978233034571	-0.0838
e0507_54PRr1	1	JUL_M25	507	178	54	Rhizosphere	0.000920294494238	0.0028
e0508_54PRr2	1	JUL_M25	508	179	54	Rhizosphere	0.055097631241998	0.0046
e0509_54PRr3	1	JUL_M25	509	180	54	Rhizosphere	0	
e0510_54Sr1	1	JUL_M25	510	181	54	Surface	0	
e0511_54Sr2	1	JUL_M25	511	182	54	Surface	0.007740920281211	-0.0353
e0512_54Sr3	1	JUL_M25	512	183	54	Surface	0	-0.0132
e0513_55Dr2	1	JUL_M25	513	184	55	Deep	13.4106514084507	-0.0357
e0514_55PRr3	1	JUL_M25	514	185	55	Rhizosphere	0.063660371318822	0.3272
e0515_55Sr3	1	JUL_M25	515	186	55	Surface	7.51276408450704	0.2092
e0516_56Dr1	1	JUL_M25	516	187	56	Deep	0.017005441741357	0.5559
e0517_56Dr3	1	JUL_M25	517	188	56	Deep	0	-0.0835
e0518_56Sr1	1	JUL_M25	518	189	56	Surface	0	0.0526
e0519_56Sr3	1	JUL_M25	519	190	56	Surface	0.0010403	-0.0104
e0520_57Dr3	1	JUL_M25	520	191	57	Deep	0.002200704225352	0.0187
e0521_57PRr3	1	JUL_M25	521	192	57	Rhizosphere	0.00520166453265	0.0425
e0522_58PRr1	1	JUL_M25	522	193	58	Rhizosphere	0.022727272727273	0.0544
e0523_58Sr2	1	JUL_M25	523	194	58	Surface	0	-0.0109
e0524_58Sr3	1	JUL_M25	524	195	58	Surface	0.000240076824584	0.0216
e0525_59PRr3	1	JUL_M25	525	196	59	Rhizosphere	0.019486235595391	0.0385
e0526_5Dr1	1	JUL_M25	526	197	5	Deep	0.07149289279	-0.0116
e0527_5Sr1	1	JUL_M25	527	198	5	Surface	0.02398525538	-0.0169
e0528_5Sr3	1	JUL_M25	528	199	5	Surface	0.01405451806	-0.0303
e0529_60Sr3	1	JUL_M25	529	200	60	Surface	0	-0.0306
e0530_62PRr2	1	JUL_M25	530	201	62	Rhizosphere	0.17737676056338	
e0531_62Sr3	1	JUL_M25	531	202	62	Surface	0	
e0532_63PRr3	1	JUL_M25	532	203	63	Rhizosphere	0.003000960307298	
e0534_64Dr3	1	JUL_M25	534	204	64	Deep	16.9357794494238	
e0535_64PRr2	1	JUL_M25	535	205	64	Rhizosphere	89.731073943662	
e0536_64PRr3	1	JUL_M25	536	206	64	Rhizosphere	86.9301776568502	
e0537_64Sr1	1	JUL_M25	537	207	64	Surface	0.832626440460947	
e0538_64Sr2	1	JUL_M25	538	208	64	Surface	1.15633002560819	
e0539_64Sr3	1	JUL_M25	539	209	64	Surface	1.0446943021767	
e0540_6Dr1	1	JUL_M25	540	210	6	Deep	2.488112571	
e0541_6PRr2	1	JUL_M25	541	211	6	Rhizosphere	3.389032426	-0.0582
e0542_6Sr2	1	JUL_M25	542	212	6	Surface	0.003702986795	-0.2429
e0543_7Sr1	1	JUL_M25	543	213	7	Surface	0.0446462	-0.0144
e0544_7Sr2	1	JUL_M25	544	214	7	Surface		0.0207
e0545_8Sr3	1	JUL_M25	545	215	8	Surface	0.010014896105973	-0.1163
e0546_9Dr1	1	JUL_M25	546	216	9	Deep	0.033579357531791	-0.0272
e0547_9Dr3	1	JUL_M25	547	217	9	Deep		-0.0179
e0548_9PRr2	1	JUL_M25	548	218	9	Rhizosphere	0.022470397145334	
e0549_9PRr3	1	JUL_M25	549	219	9	Rhizosphere	0.035851644883566	
e0550_9Sr1	1	JUL_M25	550	220	9	Surface	0	
e0551_9Sr2	1	JUL_M25	551	221	9	Surface		-0.0653
e0552_9Sr3	1	JUL_M25	552	222	9	Surface	0	0.0025
e0806_1Sr2	1	JUL_M25	806	223	1	Surface	0.138	0.0348
e0807_2Dr2	1	JUL_M25	807	224	2	Deep	0.763	0.0455
e0808_2Sr1	1	JUL_M25	808	225	2	Surface		0.0594
e0809_2PRr1	1	JUL_M25	809	226	2	Rhizosphere	4.030660588	0.0083
e0810_3Dr3	1	JUL_M25	810	227	3	Deep	0.015228	-0.0412
e0811_3Sr1	1	JUL_M25	811	228	3	Surface		-0.1057
e0812_3PRr2	1	JUL_M25	812	229	3	Rhizosphere	1.946129958	-0.0316
e0813_4Dr1	1	JUL_M25	813	230	4	Deep	0.8313875	-0.0019
e0814_5Dr2	1	JUL_M25	814	231	5	Deep	0.1324751944	0.0303
e0815_5Sr2	1	JUL_M25	815	232	5	Surface	0.2982792315	0.1138
e0816_6Dr3	1	JUL_M25	816	233	6	Deep		0.0820
e0817_6Sr1	1	JUL_M25	817	234	6	Surface	0	-0.0066
e0818_6PRr1	1	JUL_M25	818	235	6	Rhizosphere	1.187977463	0.0903
e0819_7Dr1	1	JUL_M25	819	236	7	Deep		0.0071
e0821_7PRr2	1	JUL_M25	821	237	7	Rhizosphere	0.7411280951	0.0368
e0822_8Sr2	1	JUL_M25	822	238	8	Surface	0.04165549298	0.0113
e0823_8PRr1	1	JUL_M25	823	239	8	Rhizosphere	0	-0.0078
e0824_8PRr2	1	JUL_M25	824	240	8	Rhizosphere	0.0347725038	-0.0622
e0825_11PRr1	1	JUL_M25	825	241	11	Rhizosphere		-0.0432
e0826_12Sr2	1	JUL_M25	826	242	12	Surface		-0.0574
e0827_14Dr2	1	JUL_M25	827	243	14	Deep		-0.0500
e0828_16PRr1	1	JUL_M25	828	244	16	Rhizosphere	0	-0.0421
e0829_17Dr2	1	JUL_M25	829	245	17	Deep	0.035912794091521	-0.1281
e0830_17Sr1	1	JUL_M25	830	246	17	Surface	0.015925991726098	0.0007
e0831_17Sr2	1	JUL_M25	831	247	17	Surface	0	
e0832_17Sr3	1	JUL_M25	832	248	17	Surface	0.006648544473713	0.0516
e0833_17PRr3	1	JUL_M25	833	249	17	Rhizosphere		0.0830
e0834_18Dr2	1	JUL_M25	834	250	18	Deep	0.003045607979493	0.1080
e0835_21Sr3	1	JUL_M25	835	251	21	Surface		0.1049
e0836_22Dr3	1	JUL_M25	836	252	22	Deep	0.004187710971803	0.0386
e0837_23Dr3	1	JUL_M25	837	253	23	Deep		0.0600
e0838_23Sr3	1	JUL_M25	838	254	23	Surface		-0.1856
e0839_23PRr1	1	JUL_M25	839	255	23	Rhizosphere		0.1271
e0840_24Sr2	1	JUL_M25	840	256	24	Surface		0.0805
e0841_26Sr1	1	JUL_M25	841	257	26	Surface	0.012245882084211	0.0296
e0842_27Dr2	1	JUL_M25	842	258	27	Deep	0.120364965356209	0.0611
e0843_28Sr1	1	JUL_M25	843	259	28	Surface		0.1550
e0844_28PRr1	1	JUL_M25	844	260	28	Rhizosphere		0.0377
e0845_30Sr2	1	JUL_M25	845	261	30	Surface	0.012943833912845	0.0635
e0846_31Sr3	1	JUL_M25	846	262	31	Surface		0.0366
e0848_33Dr3	1	JUL_M25	848	263	33	Deep		0.0675
e0849_35PRr3	1	JUL_M25	849	264	35	Rhizosphere		0.0183
e0850_36Sr2	1	JUL_M25	850	265	36	Surface	0.070620035024492	0.0062
e0851_38PRr3	1	JUL_M25	851	266	38	Rhizosphere		0.0051
e0852_39Dr3	1	JUL_M25	852	267	39	Deep		-0.1752
e0853_39PRr2	1	JUL_M25	853	268	39	Rhizosphere	0.072840790842872	-0.0988
e0854_41Dr1	1	JUL_M25	854	269	41	Deep	0.036230044922718	0.0006
e0855_42Sr3	1	JUL_M25	855	270	42	Surface		-0.1565
e0857_50Sr2	1	JUL_M25	857	271	50	Surface	0.054259408241709	-0.0830
e0858_53Sr3	1	JUL_M25	858	272	53	Surface		-0.0064
e0859_53PRr1	1	JUL_M25	859	273	53	Rhizosphere		-0.0211
e0860_55Sr1	1	JUL_M25	860	274	55	Surface		-0.0098
e0861_61Sr2	1	JUL_M25	861	275	61	Surface		
e0880_3Sr3	1	JUL_M25	880	276	3	Surface	0	-0.0105
e0881_4Dr2	1	JUL_M25	881	277	4	Deep	3.763539045	-0.0920
e0882_7Dr2	1	JUL_M25	882	278	7	Deep	0	0.0452
e0883_8PRr3	1	JUL_M25	883	279	8	Rhizosphere	0.007069338427745	0.0649
e0884_10PRr3	1	JUL_M25	884	280	10	Rhizosphere	0.008500037871456	0.0562
e0885_11Dr1	1	JUL_M25	885	281	11	Deep	0.025836748777594	0.0803
e0886_11PRr2	1	JUL_M25	886	282	11	Rhizosphere	0	0.2480
e0887_12Dr2	1	JUL_M25	887	283	12	Deep	0.018514933977429	0.2086
e0888_12Dr3	1	JUL_M25	888	284	12	Deep	0.004754971680567	0.0240
e0889_19Dr3	1	JUL_M25	889	285	19	Deep	0	-0.0190
e0890_19Sr1	1	JUL_M25	890	286	19	Surface	0	0.0280
e0891_19Sr3	1	JUL_M25	891	287	19	Surface	0.016953506293347	0.2278
e0892_20Dr1	1	JUL_M25	892	288	20	Deep	1.28748180494905	0.1082
e0893_20Sr1	1	JUL_M25	893	289	20	Surface	0.513014812912064	0.1099
e0894_20Sr3	1	JUL_M25	894	290	20	Surface	0	-0.1527
e0895_22Sr1	1	JUL_M25	895	291	22	Surface	0	-0.0510
e0896_22Sr3	1	JUL_M25	896	292	22	Surface	0	-0.0452
e0897_23PRr2	1	JUL_M25	897	293	23	Rhizosphere	1.84489254216971	-0.0754
e0898_23PRr3	1	JUL_M25	898	294	23	Rhizosphere		0.0191
e0899_23Sr1	1	JUL_M25	899	295	23	Surface	0	-0.0725
e0900_24Sr1	1	JUL_M25	900	296	24	Surface		0.0015
e0901_29PRr2	1	JUL_M25	901	297	29	Rhizosphere	0	0.0341
e0902_29Sr2	1	JUL_M25	902	298	29	Surface	0	0.0449
e0903_32PRr1	1	JUL_M25	903	299	32	Rhizosphere	0	0.0747
e0904_32PRr3	1	JUL_M25	904	300	32	Rhizosphere	0	0.0310
e0905_33Dr1	1	JUL_M25	905	301	33	Deep	0	-0.0160
e0906_33Sr2	1	JUL_M25	906	302	33	Surface	0	0.0042
e0907_34Dr3	1	JUL_M25	907	303	34	Deep	0.019950338213888	0.0174
e0908_35PRr1	1	JUL_M25	908	304	35	Rhizosphere	0.014111787493083	-0.0480
e0909_35Sr1	1	JUL_M25	909	305	35	Surface	0	-0.0883
e0910_36Sr1	1	JUL_M25	910	306	36	Surface	0.015653411336865	-0.0037
e0911_38Sr3	1	JUL_M25	911	307	38	Surface	0.005020159696419	-0.0403
e0912_40PRr3	1	JUL_M25	912	308	40	Rhizosphere	0.006482725907186	0.0518
e0913_43Sr1	1	JUL_M25	913	309	43	Surface	0	0.1689
e0914_44PRr2	1	JUL_M25	914	310	44	Rhizosphere	0.041189026800538	0.1129
e0915_45Dr1	1	JUL_M25	915	311	45	Deep	0.002885603605028	0.0384
e0916_45Sr1	1	JUL_M25	916	312	45	Surface	0.02229425251008	-0.0069
e0917_46Dr1	1	JUL_M25	917	313	46	Deep	0	0.0058
e0918_46Sr3	1	JUL_M25	918	314	46	Surface	0.011977231401692	0.0068
e0919_49PRr2	1	JUL_M25	919	315	49	Rhizosphere	0.031425409123251	0.0649
e0920_51Sr2	1	JUL_M25	920	316	51	Surface	0.023875405170369	0.0437
e0921_50PRr1	1	JUL_M25	921	317	50	Rhizosphere	0.007629061585896	0.0373
e0922_54Dr1	1	JUL_M25	922	318	54	Deep	0	-0.0004
e0923_54Dr2	1	JUL_M25	923	319	54	Deep	0.006121959026889	-0.0096
e0924_55PRr1	1	JUL_M25	924	320	55	Rhizosphere	4.89192541613316	-0.0096
e0925_57PRr1	1	JUL_M25	925	321	57	Rhizosphere	0	0.0407
e0926_57Sr2	1	JUL_M25	926	322	57	Surface	0.002200704225352	0.0177
e0927_60Dr2	1	JUL_M25	927	323	60	Deep	0.02812900128041	0.0317
e0928_60Dr3	1	JUL_M25	928	324	60	Deep	0	0.0139
e8287_F1Dr1	3	JUL_M23	8287	0	1	Deep	2.94105588	
e8288_F1Dr2	3	JUL_M23	8288	1	1	Deep	2.017349136	
e8289_F1Dr3	3	JUL_M23	8289	2	1	Deep	2.507607049	
e8290_F1Sr1	3	JUL_M23	8290	3	1	Surface	0.4025397686	
e8291_F1Sr2	3	JUL_M23	8291	4	1	Surface	0.03860378483	
e8292_F1Sr3	3	JUL_M23	8292	5	1	Surface	0.1378631196	
e8293_F1PRr1	3	JUL_M23	8293	6	1	Rhizosphere	0.1990558957	0.0420
e8295_F1PRr3	3	JUL_M23	8295	7	1	Rhizosphere	1.016704107	-0.0116
e8296_F2Dr1	3	JUL_M23	8296	8	2	Deep	0.99702222	-0.0165
e8297_F2Dr2	3	JUL_M23	8297	9	2	Deep	0.1442597329	-0.0217
e8298_F2Dr3	3	JUL_M23	8298	10	2	Deep	0.7281855358	
e8299_F2Sr1	3	JUL_M23	8299	11	2	Surface	0.2252685907	
e8300_F2Sr2	3	JUL_M23	8300	12	2	Surface	0.5720723864	
e8301_F2Sr3	3	JUL_M23	8301	13	2	Surface	0.4096968184	
e8302_F2PRr1	3	JUL_M23	8302	14	2	Rhizosphere	11.369824	
e8303_F2PRr2	3	JUL_M23	8303	15	2	Rhizosphere	10.9001426	-0.0062
e8304_F2PRr3	3	JUL_M23	8304	16	2	Rhizosphere	26.54724279	0.0010
e8305_F3Dr1	3	JUL_M23	8305	17	3	Deep	0.1725748113	-0.1700
e8306_F3Dr2	3	JUL_M23	8306	18	3	Deep	0.009796659268	-0.1856
e8307_F3Dr3	3	JUL_M23	8307	19	3	Deep	0.03426482337	
e8308_F3Sr1	3	JUL_M23	8308	20	3	Surface	0.09013454359	
e8309_F3Sr2	3	JUL_M23	8309	21	3	Surface	0.03006005659	
e8310_F3Sr3	3	JUL_M23	8310	22	3	Surface	0.005055113757	
e8311_F3PRr1	3	JUL_M23	8311	23	3	Rhizosphere	0.2387327907	-0.0780
e8312_F3PRr2	3	JUL_M23	8312	24	3	Rhizosphere	0.152713998	-0.0435
e8313_F4Dr1	3	JUL_M23	8313	25	4	Deep	3.421025534	0.0272
e8314_F4Dr2	3	JUL_M23	8314	26	4	Deep	1.949804478	0.0157
e8315_F4Sr1	3	JUL_M23	8315	27	4	Surface	0.2802436797	
e8316_F4Sr2	3	JUL_M23	8316	28	4	Surface	0.501843835	
e8317_F4Sr3	3	JUL_M23	8317	29	4	Surface	0.3376790045	
e8318_F4PRr1	3	JUL_M23	8318	30	4	Rhizosphere	3.692546112	0.0275
e8319_F4PRr2	3	JUL_M23	8319	31	4	Rhizosphere	5.219234303	0.0451
e8320_F5Dr2	3	JUL_M23	8320	32	5	Deep	1.636236233	0.1024
e8321_F5Dr3	3	JUL_M23	8321	33	5	Deep	1.194735721	0.0942
e8322_F5Sr1	3	JUL_M23	8322	34	5	Surface	0.1006911921	
e8323_F5Sr2	3	JUL_M23	8323	35	5	Surface	0.4096968184	
e8324_F5Sr3	3	JUL_M23	8324	36	5	Surface	0.1728879322	0.2304
e8325_F5PRr2	3	JUL_M23	8325	37	5	Rhizosphere	2.208800219	0.0200
e8326_F6Dr1	3	JUL_M23	8326	38	6	Deep	0.06396658016	0.0306
e8327_F6Sr1	3	JUL_M23	8327	39	6	Surface	0.01297260013	-0.0180
e8328_F6Sr2	3	JUL_M23	8328	40	6	Surface	0.0482658021	
e8329_F6Sr3	3	JUL_M23	8329	41	6	Surface	0.0189218978	
e8330_F6PRr1	3	JUL_M23	8330	42	6	Rhizosphere	0.8596963264	
e8331_F6PRr2	3	JUL_M23	8331	43	6	Rhizosphere	0.05323100541	0.0215
e8332_F6PRr3	3	JUL_M23	8332	44	6	Rhizosphere	4.812177094	0.0098
e8333_F7Dr1	3	JUL_M23	8333	45	7	Deep	0.01400142604	-0.1685
e8334_F7Dr2	3	JUL_M23	8334	46	7	Deep	0.02992586191	-0.2167
e8335_F7Dr3	3	JUL_M23	8335	47	7	Deep	0.007381154951	
e8336_F7Sr1	3	JUL_M23	8336	48	7	Surface	0.01471713103	
e8337_F7Sr2	3	JUL_M23	8337	49	7	Surface	0.05117335359	
e8338_F7Sr3	3	JUL_M23	8338	50	7	Surface	0.06875285723	
e8339_F7PRr1	3	JUL_M23	8339	51	7	Rhizosphere	0.01418035229	
e8340_F7PRr2	3	JUL_M23	8340	52	7	Rhizosphere	0.07005007251	0.0898
e8341_F7PRr3	3	JUL_M23	8341	53	7	Rhizosphere	0.06396658016	0.0752
e8342_F8Dr1	3	JUL_M23	8342	54	8	Deep	0.006531255284	0.0624
e8343_F8Dr2	3	JUL_M23	8343	55	8	Deep	0.006486523722	0.0461
e8344_F8Dr3	3	JUL_M23	8344	56	8	Deep	0.01874297155	
e8345_F8Sr1	3	JUL_M23	8345	57	8	Surface	0.006486523722	
e8346_F8Sr2	3	JUL_M23	8346	58	8	Surface	0.02674992105	
e8347_F8Sr3	3	JUL_M23	8347	59	8	Surface	0	
e8348_F8PRr1	3	JUL_M23	8348	60	8	Rhizosphere	0.2301443309	
e8349_F8PRr2	3	JUL_M23	8349	61	8	Rhizosphere	0.3000597614	0.0380
e8350_F8PRr3	3	JUL_M23	8350	62	8	Rhizosphere	0.5631260741	0.0224
e8351_F9Dr1	3	JUL_M23	8351	63	9	Deep	0.01954813966	-0.0805
e8352_F9Dr2	3	JUL_M23	8352	64	9	Deep	0.02308193301	-0.1071
e8353_F9Dr3	3	JUL_M23	8353	65	9	Deep	0.01030012431	
e8354_F9Sr1	3	JUL_M23	8354	66	9	Surface	0.004128929142	
e8355_F9Sr2	3	JUL_M23	8355	67	9	Surface	0.007369916533	
e8356_F9Sr3	3	JUL_M23	8356	68	9	Surface	0	
e8357_F9PRr1	3	JUL_M23	8357	69	9	Rhizosphere	0.3833244539	
e8358_F9PRr2	3	JUL_M23	8358	70	9	Rhizosphere	0.6634700764	0.1179
e8359_F9PRr3	3	JUL_M23	8359	71	9	Rhizosphere	0.2663825253	0.2044
e8360_F10Dr1	3	JUL_M23	8360	72	10	Deep	0	-0.0440
e8361_F10Dr2	3	JUL_M23	8361	73	10	Deep	0	-0.0191
e8362_F10Dr3	3	JUL_M23	8362	74	10	Deep	0.0005327650506	
e8363_F10Sr1	3	JUL_M23	8363	75	10	Surface	0.005860415557	
e8364_F10Sr2	3	JUL_M23	8364	76	10	Surface	0	
e8365_F10Sr3	3	JUL_M23	8365	77	10	Surface	0.0002663825253	
e8366_F10PRr1	3	JUL_M23	8366	78	10	Rhizosphere	0.3664535606	-0.0215
e8367_F10PRr2	3	JUL_M23	8367	79	10	Rhizosphere	0.03303143314	-0.0117
e8368_F11Dr1	3	JUL_M23	8368	80	11	Deep	0.003152193216	-0.2120
e8369_F11Dr2	3	JUL_M23	8369	81	11	Deep	0.009012608773	-0.1522
e8370_F11Dr3	3	JUL_M23	8370	82	11	Deep	0.004439708755	
e8371_F11Sr1	3	JUL_M23	8371	83	11	Surface	0	
e8372_F11Sr2	3	JUL_M23	8372	84	11	Surface	0.001509500977	-0.0473
e8373_F11Sr3	3	JUL_M23	8373	85	11	Surface	0.001731486414	-0.0732
e8374_F1PRr2	3	JUL_M23	8374	86	1	Rhizosphere	0.717449961	0.0079
e8375_F11PRr1	3	JUL_M23	8375	87	11	Rhizosphere	0.07068016338	0.1063
e8376_F12Sr3	3	JUL_M23	8376	88	12	Surface	0	0.1384
e8377_F13Sr2	3	JUL_M23	8377	89	13	Surface	0	0.0980
e8378_F14Sr1	3	JUL_M23	8378	90	14	Surface	0	0.0459
e8379_F15Dr3	3	JUL_M23	8379	91	15	Deep	0.1195613568	0.0277
e8380_F16Dr2	3	JUL_M23	8380	92	16	Deep	0.9271887764	0.0136
e8381_F17Dr1	3	JUL_M23	8381	93	17	Deep	0.01238678743	-0.0535
e8382_F17PRr3	3	JUL_M23	8382	94	17	Rhizosphere	1.064819748	0.0143
e8383_F18PRr2	3	JUL_M23	8383	95	18	Rhizosphere	0.01127686024	-0.0132
e8384_F19PRr1	3	JUL_M23	8384	96	19	Rhizosphere	2.339863694	0.0593
e8385_F20Sr3	3	JUL_M23	8385	97	20	Surface	0.03408589712	-0.0048
e8386_F21Sr2	3	JUL_M23	8386	98	21	Surface	1.199208878	0.0001
e8387_F11PRr2	3	JUL_M23	8387	99	11	Rhizosphere	0.05966968567	0.0718
e8388_F12PRr1	3	JUL_M23	8388	100	12	Rhizosphere	0.6976558338	0.0606
e8389_F13Sr3	3	JUL_M23	8389	101	13	Surface	0.007547504884	0.0840
e8390_F14Sr2	3	JUL_M23	8390	102	14	Surface	0.07072456047	0.0333
e8391_F15Sr1	3	JUL_M23	8391	103	15	Surface	0.3464748712	0.0717
e8392_F16Dr3	3	JUL_M23	8392	104	16	Deep	0.003596164092	0.0840
e8393_F17Dr2	3	JUL_M23	8393	105	17	Deep	0.01203161073	-0.0311
e8394_F18Dr1	3	JUL_M23	8394	106	18	Deep	0	0.0027
e8395_F18PRr3	3	JUL_M23	8395	107	18	Rhizosphere	0	0.0074
e8396_F19PRr2	3	JUL_M23	8396	108	19	Rhizosphere	0.9402131369	-0.0270
e8397_F20PRr1	3	JUL_M23	8397	109	20	Rhizosphere	0.0195034081	-0.0615
e8398_F21Sr3	3	JUL_M23	8398	110	21	Surface	0.5993586389	0.0062
e8399_F11PRr3	3	JUL_M23	8399	111	11	Rhizosphere	0.005061267981	0.0445
e8400_F12PRr2	3	JUL_M23	8400	112	12	Rhizosphere	0.5915467945	0.0591
e8401_F13PRr1	3	JUL_M23	8401	113	13	Rhizosphere	2.040667732	0.0397
e8402_F14Sr3	3	JUL_M23	8402	114	14	Surface	0.02872491565	-0.0016
e8403_F15Sr2	3	JUL_M23	8403	115	15	Surface	0.382880483	0.0631
e8404_F16Sr1	3	JUL_M23	8404	116	16	Surface	0.02641626709	0.1005
e8405_F17Dr3	3	JUL_M23	8405	117	17	Deep	0.005949209732	0.0274
e8406_F18Dr2	3	JUL_M23	8406	118	18	Deep	0	0.0502
e8407_F19Dr1	3	JUL_M23	8407	119	19	Deep	0.004306517492	0.1320
e8408_F19PRr3	3	JUL_M23	8408	120	19	Rhizosphere	1.018046054	-0.0288
e8409_F20PRr2	3	JUL_M23	8409	121	20	Rhizosphere	0.01664058817	-0.0269
e8410_F21PRr1	3	JUL_M23	8410	122	21	Rhizosphere	0.8726684792	0.0165
e8411_F12Dr1	3	JUL_M23	8411	123	12	Deep	0.1753684958	-0.0380
e8412_F12PRr3	3	JUL_M23	8412	124	12	Rhizosphere	1.066595631	-0.0175
e8413_F13PRr2	3	JUL_M23	8413	125	13	Rhizosphere	1.739211508	0.0019
e8414_F14PRr1	3	JUL_M23	8414	126	14	Rhizosphere	2.953027881	-0.0017
e8415_F15Sr3	3	JUL_M23	8415	127	15	Surface	0.1710175812	-0.0331
e8416_F16Sr2	3	JUL_M23	8416	128	16	Surface	0.03898064287	0.0432
e8417_F17Sr1	3	JUL_M23	8417	129	17	Surface	0.02677144379	0.0642
e8418_F18Dr3	3	JUL_M23	8418	130	18	Deep	0.01691529036	0.1076
e8419_F19Dr2	3	JUL_M23	8419	131	19	Deep	0.009634167999	0.1283
e8420_F20Dr1	3	JUL_M23	8420	132	20	Deep	0.01435927853	0.1034
e8421_F20PRr3	3	JUL_M23	8421	133	20	Rhizosphere	0.01341991574	0.0377
e8422_F21PRr2	3	JUL_M23	8422	134	21	Rhizosphere	0.1815211236	0.0386
e8423_F12Dr2	3	JUL_M23	8423	135	12	Deep	0.1148552655	0.0585
e8424_F13Dr1	3	JUL_M23	8424	136	13	Deep	0.1555229977	-0.0639
e8425_F13PRr3	3	JUL_M23	8425	137	13	Rhizosphere	0.9667021843	-0.0725
e8426_F14PRr2	3	JUL_M23	8426	138	14	Rhizosphere	3.012519979	0.0144
e8427_F15PRr1	3	JUL_M23	8427	139	15	Rhizosphere	1.991830936	0.0106
e8428_F16Sr3	3	JUL_M23	8428	140	16	Surface	0.0206890428	-0.0494
e8429_F17Sr2	3	JUL_M23	8429	141	17	Surface	0.005816018469	0.0098
e8430_F18Sr1	3	JUL_M23	8430	142	18	Surface	0.006038003907	0.1043
e8431_F19Dr3	3	JUL_M23	8431	143	19	Deep	0.01842479133	0.0725
e8432_F20Dr2	3	JUL_M23	8432	144	20	Deep	0.009259880531	0.0617
e8433_F21Dr1	3	JUL_M23	8433	145	21	Deep	0.08382739343	-0.0338
e8434_F21PRr3	3	JUL_M23	8434	146	21	Rhizosphere	0.1024200917	0.0175
e8435_F13Dr2	3	JUL_M23	8435	147	13	Deep	0.06162315752	-0.0371
e8436_F14Dr1	3	JUL_M23	8436	148	14	Deep	0.01434025928	-0.0544
e8437_F14PRr3	3	JUL_M23	8437	149	14	Rhizosphere	1.876842479	0.0291
e8438_F15PRr2	3	JUL_M23	8438	150	15	Rhizosphere	8.639406855	0.0072
e8439_F16PRr1	3	JUL_M23	8439	151	16	Rhizosphere	0.02490676612	-0.0642
e8440_F17Sr3	3	JUL_M23	8440	152	17	Surface	0	0.0033
e8441_F18Sr2	3	JUL_M23	8441	153	18	Surface	0.02055585154	0.0541
e8442_F19Sr1	3	JUL_M23	8442	154	19	Surface	0.01851358551	0.0322
e8443_F20Dr3	3	JUL_M23	8443	155	20	Deep	0.007112765582	0.0086
e8444_F21Dr2	3	JUL_M23	8444	156	21	Deep	0.06557691637	-0.0237
e8445_F22Dr1	3	JUL_M23	8445	157	22	Deep	0.01999476056	0.0163
e8446_F13Dr3	3	JUL_M23	8446	158	13	Deep	0.01940152726	-0.0276
e8447_F14Dr2	3	JUL_M23	8447	159	14	Deep	0.03609483218	-0.0894
e8448_F15Dr1	3	JUL_M23	8448	160	15	Deep	0.05034629728	0.0381
e8449_F15PRr3	3	JUL_M23	8449	161	15	Rhizosphere	4.594832179	0.0122
e8450_F16PRr2	3	JUL_M23	8450	162	16	Rhizosphere	0.08706268869	-0.0497
e8451_F17PRr1	3	JUL_M23	8451	163	17	Rhizosphere	0.3247202983	0.0035
e8452_F18Sr3	3	JUL_M23	8452	164	18	Surface	0.005594033031	-0.0224
e8453_F19Sr2	3	JUL_M23	8453	165	19	Surface	0.03556206713	-0.0051
e8454_F21Dr3	3	JUL_M23	8454	166	21	Deep		-0.0300
e8455_F22Dr2	3	JUL_M23	8455	167	22	Deep	0.07987407089	0.0168
e8456_F12Sr2	3	JUL_M23	8456	168	12	Surface	0.02801456224	-0.0243
e8457_F13Sr1	3	JUL_M23	8457	169	13	Surface	0	0.0312
e8458_F14Dr3	3	JUL_M23	8458	170	14	Deep	0	0.0183
e8459_F15Dr2	3	JUL_M23	8459	171	15	Deep	0.08457645178	0.0242
e8460_F16Dr1	3	JUL_M23	8460	172	16	Deep	0.1366098384	0.0593
e8461_F16PRr3	3	JUL_M23	8461	173	16	Rhizosphere	0.04861481087	-0.0548
e8462_F17PRr2	3	JUL_M23	8462	174	17	Rhizosphere	0.3597939975	-0.0061
e8463_F18PRr1	3	JUL_M23	8463	175	18	Rhizosphere	0	0.0150
e8464_F19Sr3	3	JUL_M23	8464	176	19	Surface	0.005549635944	-0.0116
e8465_F20Sr2	3	JUL_M23	8465	177	20	Surface	0.02988113035	-0.0515
e8466_F21Sr1	3	JUL_M23	8466	178	21	Surface	0.6691398747	-0.0286
e8467_F22Dr3	3	JUL_M23	8467	179	22	Deep	0.0491129008	0.0073
e8468_F22Sr1	3	JUL_M23	8468	180	22	Surface	0.00963454452	-0.0019
e8469_F23Dr3	3	JUL_M23	8469	181	23	Deep	0.08329704976	-0.0128
e8470_F24Dr2	3	JUL_M23	8470	182	24	Deep	0.04564428221	0.0019
e8471_F25Dr1	3	JUL_M23	8471	183	25	Deep	0.1259245466	0.1182
e8472_F25PRr3	3	JUL_M23	8472	184	25	Rhizosphere	1.729612966	0.1650
e8473_F26PRr2	3	JUL_M23	8473	185	26	Rhizosphere	1.19288988	0.0064
e8474_F27PRr1	3	JUL_M23	8474	186	27	Rhizosphere	1.734633335	0.1145
e8475_F28Sr3	3	JUL_M23	8475	187	28	Surface	0.004888013823	0.0130
e8476_F29Sr2	3	JUL_M23	8476	188	29	Surface	0.04035007489	0.0238
e8477_F30Sr1	3	JUL_M23	8477	189	30	Surface	0.04390997292	-0.0036
e8478_F32Dr2	3	JUL_M23	8478	190	32	Deep	0.00548133016	0.0393
e8479_F22Sr2	3	JUL_M23	8479	191	22	Surface	0.003975219459	-0.0132
e8480_F23Sr1	3	JUL_M23	8480	192	23	Surface	0.04331665658	0.0651
e8481_F25Dr2	3	JUL_M23	8481	193	25	Deep	0.1387493074	0.0278
e8482_F26Dr1	3	JUL_M23	8482	194	26	Deep	0.04733295179	0.0339
e8483_F26PRr3	3	JUL_M23	8483	195	26	Rhizosphere	1.302881601	0.0269
e8484_F27PRr2	3	JUL_M23	8484	196	27	Rhizosphere	3.77153396	0.0079
e8485_F28PRr1	3	JUL_M23	8485	197	28	Rhizosphere	0.2781330069	0.0306
e8486_F29Sr3	3	JUL_M23	8486	198	29	Surface	0.03176980787	0.0295
e8487_F30Sr2	3	JUL_M23	8487	199	30	Surface	0	-0.0517
e8488_F32Dr3	3	JUL_M23	8488	200	32	Deep	0.01260112621	0.0415
e8489_F22Sr3	3	JUL_M23	8489	201	22	Surface	0.01497439155	-0.0080
e8490_F23Sr2	3	JUL_M23	8490	202	23	Surface	0.03930036138	0.0326
e8491_F24Sr1	3	JUL_M23	8491	203	24	Surface	0.02127267267	0.0036
e8492_F25Dr3	3	JUL_M23	8492	204	25	Deep	0.07006153147	0.0552
e8493_F27Dr1	3	JUL_M23	8493	205	27	Deep	0.1876750854	-0.0454
e8494_F27PRr3	3	JUL_M23	8494	206	27	Rhizosphere	1.501870772	0.0288
e8495_F28PRr2	3	JUL_M23	8495	207	28	Rhizosphere	2.772480528	0.0117
e8496_F29PRr1	3	JUL_M23	8496	208	29	Rhizosphere	1.391422654	0.0153
e8497_F30Sr3	3	JUL_M23	8497	209	30	Surface	0.01689125972	-0.0411
e8498_F31Sr2	3	JUL_M23	8498	210	31	Surface	0.02656687999	-0.0518
e8499_F32Sr1	3	JUL_M23	8499	211	32	Surface	0.04861991036	0.0521
e8500_F22PRr1	3	JUL_M23	8500	212	22	Rhizosphere	0.05408763008	-0.0219
e8501_F23Sr3	3	JUL_M23	8501	213	23	Surface	0.05153180586	-0.0154
e8502_F24Sr2	3	JUL_M23	8502	214	24	Surface	0.03172416815	0.0268
e8503_F25Sr1	3	JUL_M23	8503	215	25	Surface	0.4950585877	-0.0127
e8504_F26Dr3	3	JUL_M23	8504	216	26	Deep	0.06116178641	-0.0124
e8505_F27Dr2	3	JUL_M23	8505	217	27	Deep	0.1201739421	-0.0038
e8506_F28Dr1	3	JUL_M23	8506	218	28	Deep	0.3668109795	-0.0355
e8507_F28PRr3	3	JUL_M23	8507	219	28	Rhizosphere	0.1187591108	-0.1004
e8508_F29PRr2	3	JUL_M23	8508	220	29	Rhizosphere	1.102979635	-0.0103
e8509_F30PRr1	3	JUL_M23	8509	221	30	Rhizosphere	0.05043645263	0.0119
e8510_F31Sr3	3	JUL_M23	8510	222	31	Surface	0.01041041973	-0.0566
e8511_F32Sr2	3	JUL_M23	8511	223	32	Surface	0.0172447292	-0.0688
e8512_F22PRr2	3	JUL_M23	8512	224	22	Rhizosphere	0.7136728381	-0.0084
e8513_F23PRr1	3	JUL_M23	8513	225	23	Rhizosphere	2.951388223	-0.0158
e8514_F24Sr3	3	JUL_M23	8514	226	24	Surface	0.03980239828	0.0185
e8515_F25Sr2	3	JUL_M23	8515	227	25	Surface	0.2264232062	0.0114
e8516_F26Sr1	3	JUL_M23	8516	228	26	Surface	0.05500042445	0.0668
e8518_F28Dr2	3	JUL_M23	8518	229	28	Deep		-0.0198
e8519_F29Dr1	3	JUL_M23	8519	230	29	Deep	0.03564918392	0.0374
e8520_F29PRr3	3	JUL_M23	8520	231	29	Rhizosphere	0.3617906104	-0.0071
e8521_F30PRr2	3	JUL_M23	8521	232	30	Rhizosphere	0.4046919456	0.0050
e8522_F31PRr1	3	JUL_M23	8522	233	31	Rhizosphere	2.743727505	-0.0196
e8523_F32Sr3	3	JUL_M23	8523	234	32	Surface	0.04927065486	-0.1076
e8524_F22PRr3	3	JUL_M23	8524	235	22	Rhizosphere	0.06992461231	-0.0426
e8525_F23PRr2	3	JUL_M23	8525	236	23	Rhizosphere	1.229401654	-0.0104
e8526_F24PRr1	3	JUL_M23	8526	237	24	Rhizosphere	0.430706585	-0.0210
e8527_F25Sr3	3	JUL_M23	8527	238	25	Surface	0.3458167091	0.0787
e8528_F27Sr1	3	JUL_M23	8528	239	27	Surface	0.4183838611	-0.0286
e8529_F28Dr3	3	JUL_M23	8529	240	28	Deep	0.3544882555	-0.0021
e8530_F29Dr2	3	JUL_M23	8530	241	29	Deep	0.06727750866	0.0357
e8531_F30Dr1	3	JUL_M23	8531	242	30	Deep	0.00265166763	0.0112
e8532_F30PRr3	3	JUL_M23	8532	243	30	Rhizosphere		0.0628
e8533_F31PRr2	3	JUL_M23	8533	244	31	Rhizosphere	0.7497282155	0.0453
e8534_F32PRr1	3	JUL_M23	8534	245	32	Rhizosphere	0.8729737443	0.0587
e8535_F23Dr1	3	JUL_M23	8535	246	23	Deep	0.0806499461	-0.0105
e8536_F23PRr3	3	JUL_M23	8536	247	23	Rhizosphere	0.6191986213	-0.0142
e8537_F24PRr2	3	JUL_M23	8537	248	24	Rhizosphere	0.2387002904	0.0138
e8538_F25PRr1	3	JUL_M23	8538	249	25	Rhizosphere	1.288733288	0.0813
e8539_F26Sr3	3	JUL_M23	8539	250	26	Surface	0.01255548649	0.0159
e8540_F27Sr2	3	JUL_M23	8540	251	27	Surface	0.3248224387	0.0189
e8541_F28Sr1	3	JUL_M23	8541	252	28	Surface	0.09224243453	0.1457
e8542_F29Dr3	3	JUL_M23	8542	253	29	Deep	0.02565408562	0.0313
e8543_F30Dr2	3	JUL_M23	8543	254	30	Deep	0.0113232141	0.0699
e8544_F31Dr1	3	JUL_M23	8544	255	31	Deep	0.04121722954	0.0291
e8545_F31PRr3	3	JUL_M23	8545	256	31	Rhizosphere	0.3800464977	0.0172
e8546_F32PRr2	3	JUL_M23	8546	257	32	Rhizosphere	0.5615460202	0.0181
e8547_F23Dr2	3	JUL_M23	8547	258	23	Deep	0.08685694778	0.0461
e8548_F24Dr1	3	JUL_M23	8548	259	24	Deep	0.01570462705	0.0100
e8549_F24PRr3	3	JUL_M23	8549	260	24	Rhizosphere	0.273751594	0.0688
e8550_F25PRr2	3	JUL_M23	8550	261	25	Rhizosphere	1.534274972	0.1061
e8551_F26PRr1	3	JUL_M23	8551	262	26	Rhizosphere	1.418350088	0.0257
e8552_F27Sr3	3	JUL_M23	8552	263	27	Surface	0.2622960247	0.0879
e8553_F28Sr2	3	JUL_M23	8553	264	28	Surface	0.01812353211	0.0460
e8554_F29Sr1	3	JUL_M23	8554	265	29	Surface	0.03008113829	0.0883
e8555_F30Dr3	3	JUL_M23	8555	266	30	Deep	0.02213982732	0.0470
e8556_F31Dr2	3	JUL_M23	8556	267	31	Deep	0.1215431336	0.0230
e8557_F32Dr1	3	JUL_M23	8557	268	32	Deep	0.02200290816	0.0096
e8558_F32PRr3	3	JUL_M23	8558	269	32	Rhizosphere	0.1932246342	-0.0073
e8559_F33Dr1	3	JUL_M23	8559	270	33	Deep	0.06572519432	0.0300
e8560_F33PRr3	3	JUL_M23	8560	271	33	Rhizosphere	7.064807645	-0.0578
e8561_F34PRr2	3	JUL_M23	8561	272	34	Rhizosphere	1.972731946	-0.0112
e8562_F35PRr1	3	JUL_M23	8562	273	35	Rhizosphere	1.886740709	0.0173
e8563_F37Sr2	3	JUL_M23	8563	274	37	Surface	0.008180787977	-0.0895
e8564_F38Sr1	3	JUL_M23	8564	275	38	Surface	0.1068150612	0.0409
e8565_F39Dr3	3	JUL_M23	8565	276	39	Deep	0.01278248121	0.0216
e8566_F40Dr2	3	JUL_M23	8566	277	40	Deep	0.04690008562	0.0164
e8567_F42PRr2	3	JUL_M23	8567	278	42	Rhizosphere	1.049782766	0.0016
e8568_F33Dr2	3	JUL_M23	8568	279	33	Deep	0.05707958884	0.0047
e8569_F34Dr1	3	JUL_M23	8569	280	34	Deep	0.01152747397	-0.0910
e8570_F34PRr3	3	JUL_M23	8570	281	34	Rhizosphere	1.833286697	0.0048
e8571_F35PRr2	3	JUL_M23	8571	282	35	Rhizosphere	1.208571978	0.0772
e8572_F36PRr1	3	JUL_M23	8572	283	36	Rhizosphere	1.36614511	-0.0338
e8573_F37Sr3	3	JUL_M23	8573	284	37	Surface	0.01970826195	-0.0383
e8574_F38Sr2	3	JUL_M23	8574	285	38	Surface	0.05972904858	0.0219
e8575_F39Sr1	3	JUL_M23	8575	286	39	Surface	0.1647778033	0.0114
e8576_F40Dr3	3	JUL_M23	8576	287	40	Deep	0.04164764788	0.0753
e8577_F42Dr1	3	JUL_M23	8577	288	42	Deep	0.03751077215	0.0780
e8578_F42PRr3	3	JUL_M23	8578	289	42	Rhizosphere	0.2390464093	-0.0048
e8579_F33Dr3	3	JUL_M23	8579	290	33	Deep	0.06693371981	0.0480
e8580_F34Dr2	3	JUL_M23	8580	291	34	Deep	0.02993424692	-0.0728
e8581_F35Dr1	3	JUL_M23	8581	292	35	Deep	0.1211779219	-0.0040
e8582_F35PRr3	3	JUL_M23	8582	293	35	Rhizosphere	0.3695763932	0.0694
e8583_F36PRr2	3	JUL_M23	8583	294	36	Rhizosphere	1.768677064	0.0580
e8584_F37PRr1	3	JUL_M23	8584	295	37	Rhizosphere	0.2678743245	0.0975
e8585_F38Sr3	3	JUL_M23	8585	296	38	Surface	0.03035258267	-0.0369
e8586_F39Sr2	3	JUL_M23	8586	297	39	Surface	0.06846761756	-0.0368
e8587_F40Sr1	3	JUL_M23	8587	298	40	Surface	0.05429068385	0.0052
e8588_F41Dr3	3	JUL_M23	8588	299	41	Deep	0.1946190867	0.0007
e8589_F42Dr2	3	JUL_M23	8589	300	42	Deep	0.0343035314	0.0355
e8590_F43Dr1	3	JUL_M23	8590	301	43	Deep	0.0126927297	0.0320
e8591_F33Sr1	3	JUL_M23	8591	302	33	Surface	0.0173376927	0.1128
e8592_F34Dr3	3	JUL_M23	8592	303	34	Deep	0.02923702067	0.0866
e8593_F35Dr2	3	JUL_M23	8593	304	35	Deep	0.09644963098	0.0230
e8594_F36Dr1	3	JUL_M23	8594	305	36	Deep	0.1246175714	0.0543
e8595_F36PRr3	3	JUL_M23	8595	306	36	Rhizosphere	1.304789201	-0.0211
e8596_F37PRr2	3	JUL_M23	8596	307	37	Rhizosphere	0.3658578532	0.0472
e8597_F38PRr1	3	JUL_M23	8597	308	38	Rhizosphere	0.2624824415	-0.0134
e8598_F39Sr3	3	JUL_M23	8598	309	39	Surface	0.08933792325	-0.0197
e8599_F40Sr2	3	JUL_M23	8599	310	40	Surface	0.05215252335	0.0317
e8600_F42Dr3	3	JUL_M23	8600	311	42	Deep	0.02017307944	0.0825
e8601_F43Dr2	3	JUL_M23	8601	312	43	Deep	0.006393374959	0.1080
e8602_F33Sr2	3	JUL_M23	8602	313	33	Surface	0.01027246672	0.0835
e8603_F34Sr1	3	JUL_M23	8603	314	34	Surface		0.1133
e8604_F35Dr3	3	JUL_M23	8604	315	35	Deep	0.102027441	0.0549
e8605_F36Dr2	3	JUL_M23	8605	316	36	Deep	0.1595718473	0.1449
e8606_F37Dr1	3	JUL_M23	8606	317	37	Deep	0.104816346	0.0659
e8607_F37PRr3	3	JUL_M23	8607	318	37	Rhizosphere	0.1547842271	-0.0073
e8608_F38PRr2	3	JUL_M23	8608	319	38	Rhizosphere	0.06935077081	-0.0162
e8609_F39PRr1	3	JUL_M23	8609	320	39	Rhizosphere	0.2240420344	0.0382
e8610_F40Sr3	3	JUL_M23	8610	321	40	Surface	0.06842113581	0.0306
e8611_F42Sr1	3	JUL_M23	8611	322	42	Surface	0.03286259716	0.1151
e8612_F43Dr3	3	JUL_M23	8612	323	43	Deep	0.03812519921	0.1434
e8613_F33Sr3	3	JUL_M23	8613	324	33	Surface	0.01547842271	0.1149
e8614_F34Sr2	3	JUL_M23	8614	325	34	Surface	0.02654107918	0.1815
e8615_F35Sr1	3	JUL_M23	8615	326	35	Surface	0.003067795491	0.0828
e8616_F36Dr3	3	JUL_M23	8616	327	36	Deep	0.1707274673	0.0450
e8617_F37Dr2	3	JUL_M23	8617	328	37	Deep	0.4509194555	0.0290
e8618_F38PRr3	3	JUL_M23	8618	329	38	Rhizosphere	0.04996788111	-0.0250
e8619_F40PRr1	3	JUL_M23	8619	330	40	Rhizosphere	0.03332741466	0.0298
e8620_F42Sr2	3	JUL_M23	8620	331	42	Surface	0.03890522464	0.0987
e8621_F43Sr1	3	JUL_M23	8621	332	43	Surface	0.02044939785	0.1429
e8622_F34Sr3	3	JUL_M23	8622	333	34	Surface	0.01157395572	0.0894
e8623_F35Sr2	3	JUL_M23	8623	334	35	Surface	0.05503439185	0.0981
e8624_F36Sr1	3	JUL_M23	8624	335	36	Surface	0.1613381538	-0.0432
e8625_F37Dr3	3	JUL_M23	8625	336	37	Deep	0.08241214252	0.0174
e8626_F38Dr2	3	JUL_M23	8626	337	38	Deep	0.04499433387	0.0141
e8627_F39PRr3	3	JUL_M23	8627	338	39	Rhizosphere	0.1121604624	-0.1004
e8628_F40PRr2	3	JUL_M23	8628	339	40	Rhizosphere	0.02291550269	-0.0368
e8629_F41PRr1	3	JUL_M23	8629	340	41	Rhizosphere	5.484428149	0.0026
e8630_F42Sr3	3	JUL_M23	8630	341	42	Surface	0.02049845169	0.0407
e8632_F33PRr2	3	JUL_M23	8632	342	33	Rhizosphere	1.837934872	0.0319
e8633_F34PRr1	3	JUL_M23	8633	343	34	Rhizosphere	1.52232379	0.0411
e8634_F35Sr3	3	JUL_M23	8634	344	35	Surface	0.08715328101	0.0123
e8635_F36Sr2	3	JUL_M23	8635	345	36	Surface	0.02231123994	0.0435
e8636_F37Sr1	3	JUL_M23	8636	346	37	Surface	1.007306001	-0.0324
e8637_F38Dr3	3	JUL_M23	8637	347	38	Deep	0.1109054552	0.0642
e8638_F39Dr2	3	JUL_M23	8638	348	39	Deep	0.02128864144	0.0567
e8639_F40Dr1	3	JUL_M23	8639	349	40	Deep	0.02342680193	-0.1431
e8640_F40PRr3	3	JUL_M23	8640	350	40	Rhizosphere	0.01106265647	-0.1419
e8641_F41PRr2	3	JUL_M23	8641	351	41	Rhizosphere	4.030943831	0.0078
e8642_F42PRr1	3	JUL_M23	8642	352	42	Rhizosphere	0.4100155156	-0.0069
e8643_F43Sr3	3	JUL_M23	8643	353	43	Surface	0.07065619532	-0.0513
e8644_F56Sr2	3	JUL_M23	8644	354	56	Surface	0.004487461505	-0.0774
e8645_F57PRr1	3	JUL_M23	8645	355	57	Rhizosphere	0.0901891773	0.0040
e8646_F58Sr3	3	JUL_M23	8646	356	58	Surface	0.1357677079	0.0182
e8647_F59Sr2	3	JUL_M23	8647	357	59	Surface	0	-0.1207
e8648_F60Sr1	3	JUL_M23	8648	358	60	Surface	0.01174659041	-0.0434
e8650_F54PRr2	3	JUL_M23	8650	359	54	Rhizosphere	0.1063352398	-0.0006
e8651_F56Sr3	3	JUL_M23	8651	360	56	Surface	0	-0.1030
e8652_F57PRr2	3	JUL_M23	8652	361	57	Rhizosphere	0.4491421029	-0.0133
e8653_F58PRr1	3	JUL_M23	8653	362	58	Rhizosphere	22.50589529	0.0014
e8654_F59Sr3	3	JUL_M23	8654	363	59	Surface	0.002375714914	-0.0225
e8655_F60Sr2	3	JUL_M23	8655	364	60	Surface	0.01055873295	-0.0215
e8656_F57Dr1	3	JUL_M23	8656	365	57	Deep	0.002595688517	-0.0111
e8657_F57PRr3	3	JUL_M23	8657	366	57	Rhizosphere	0.006159260889	-0.0193
e8658_F58PRr2	3	JUL_M23	8658	367	58	Rhizosphere	21.32243731	-0.0055
e8659_F59PRr1	3	JUL_M23	8659	368	59	Rhizosphere	0.006467223933	-0.0555
e8660_F60Sr3	3	JUL_M23	8660	369	60	Surface	0.008974923009	0.0153
e8662_F58Dr1	3	JUL_M23	8662	370	58	Deep	0.01223053234	0.0538
e8663_F58PRr3	3	JUL_M23	8663	371	58	Rhizosphere	18.32199736	-0.0043
e8664_F60PRr1	3	JUL_M23	8664	372	60	Rhizosphere	0.01121865376	0.0103
e8666_F60PRr2	3	JUL_M23	8666	373	60	Rhizosphere	0.01561812582	-0.0036
e8668_F59Dr2	3	JUL_M23	8668	374	59	Deep	0.04021117466	-0.0287
e8669_F60PRr3	3	JUL_M23	8669	375	60	Rhizosphere	0.04452265728	-0.0110
e8670_F55Sr1	3	JUL_M23	8670	376	55	Surface	0.01495820502	-0.0465
e8671_F58Sr1	3	JUL_M23	8671	377	58	Surface	0.02916849978	-0.0506
e8673_F57Sr3	3	JUL_M23	8673	378	57	Surface	0.02160140783	0.0428
e8674_F58Sr2	3	JUL_M23	8674	379	58	Surface	0.0140783106	0.2788
e8675_F59Sr1	3	JUL_M23	8675	380	59	Surface	0.00206775187	0.2166
e8677_F43PRr1	3	JUL_M23	8677	381	43	Rhizosphere	0.6530174379	-0.0380
e8678_F44Sr3	3	JUL_M23	8678	382	44	Surface	0.03060358161	-0.0922
e8679_F45Sr2	3	JUL_M23	8679	383	45	Surface	0.1446971186	0.0096
e8680_F47Dr3	3	JUL_M23	8680	384	47	Deep	1.591339233	0.0431
e8681_F48Dr2	3	JUL_M23	8681	385	48	Deep	0.9957211398	0.0132
e8682_F49Dr1	3	JUL_M23	8682	386	49	Deep	0.3418105098	0.0671
e8683_F49PRr3	3	JUL_M23	8683	387	49	Rhizosphere	0.3281775779	-0.0219
e8684_F50PRr2	3	JUL_M23	8684	388	50	Rhizosphere	0.01800487213	0.0096
e8685_F51PRr1	3	JUL_M23	8685	389	51	Rhizosphere	2.368886453	-0.0037
e8686_F52Sr3	3	JUL_M23	8686	390	52	Surface	0.02359907522	-0.0067
e8687_F43PRr2	3	JUL_M23	8687	391	43	Rhizosphere	0.9045215264	-0.0327
e8688_F44PRr1	3	JUL_M23	8688	392	44	Rhizosphere	0.09829814	-0.1051
e8689_F45Sr3	3	JUL_M23	8689	393	45	Surface	0.6389144049	-0.0388
e8690_F46Sr2	3	JUL_M23	8690	394	46	Surface	0.01485519476	-0.0334
e8691_F48Dr3	3	JUL_M23	8691	395	48	Deep	0.1027170903	-0.0970
e8692_F49Dr2	3	JUL_M23	8692	396	49	Deep	0.08212666216	0.0253
e8693_F50Dr1	3	JUL_M23	8693	397	50	Deep	0.05594203089	-0.0105
e8694_F50PRr3	3	JUL_M23	8694	398	50	Rhizosphere	0.03605675437	-0.0277
e8695_F51PRr2	3	JUL_M23	8695	399	51	Rhizosphere	0.5430137805	0.0012
e8696_F53Dr1	3	JUL_M23	8696	400	53	Deep	0.01156448706	-0.0412
e8697_F43PRr3	3	JUL_M23	8697	401	43	Rhizosphere	0.3173652526	-0.0428
e8698_F44PRr2	3	JUL_M23	8698	402	44	Rhizosphere	0.06736548762	-0.1190
e8699_F45PRr1	3	JUL_M23	8699	403	45	Rhizosphere	0.1759588417	0.0081
e8700_F48Sr1	3	JUL_M23	8700	404	48	Surface	1.135811268	-0.0145
e8701_F49Dr3	3	JUL_M23	8701	405	49	Deep	0.1056317172	0.0108
e8702_F50Dr2	3	JUL_M23	8702	406	50	Deep	0.1074181013	-0.0318
e8703_F51PRr3	3	JUL_M23	8703	407	51	Rhizosphere	0.1626549806	-0.0285
e8704_F53Dr2	3	JUL_M23	8704	408	53	Deep	0.03521057239	-0.0208
e8705_F44Dr1	3	JUL_M23	8705	409	44	Deep	0.01104737585	-0.0531
e8706_F44PRr3	3	JUL_M23	8706	410	44	Rhizosphere	0.009072951229	-0.1732
e8707_F45PRr2	3	JUL_M23	8707	411	45	Rhizosphere	0.5025850859	-0.0059
e8708_F47Sr3	3	JUL_M23	8708	412	47	Surface	0.00014103033	-0.0286
e8709_F48Sr2	3	JUL_M23	8709	413	48	Surface	3.05570416	-0.0250
e8710_F49Sr1	3	JUL_M23	8710	414	49	Surface	0.05960881947	0.0138
e8711_F50Dr3	3	JUL_M23	8711	415	50	Deep	0.06463890124	0.0604
e8712_F53Dr3	3	JUL_M23	8712	416	53	Deep	0.07154938741	0.0276
e8713_F44Dr2	3	JUL_M23	8713	417	44	Deep	0.00150432352	-0.0442
e8714_F45Dr1	3	JUL_M23	8714	418	45	Deep	0.130359035	-0.0506
e8715_F45PRr3	3	JUL_M23	8715	419	45	Rhizosphere	0.6563081456	-0.0044
e8716_F47PRr1	3	JUL_M23	8716	420	47	Rhizosphere	0.01226963871	-0.0114
e8717_F48Sr3	3	JUL_M23	8717	421	48	Surface	1.203975927	-0.0129
e8718_F49Sr2	3	JUL_M23	8718	422	49	Surface	0	-0.0320
e8719_F50Sr1	3	JUL_M23	8719	423	50	Surface	0.00230349539	0.0168
e8720_F51Dr3	3	JUL_M23	8720	424	51	Deep	0.150432352	0.0074
e8721_F44Dr3	3	JUL_M23	8721	425	44	Deep	0.01349190157	-0.1124
e8722_F45Dr2	3	JUL_M23	8722	426	45	Deep	0.03314212755	-0.0274
e8723_F46Dr1	3	JUL_M23	8723	427	46	Deep	1.686769757	-0.0222
e8724_F47PRr2	3	JUL_M23	8724	428	47	Rhizosphere	0	0.0088
e8725_F48PRr1	3	JUL_M23	8725	429	48	Rhizosphere	0	-0.0055
e8726_F49Sr3	3	JUL_M23	8726	430	49	Surface	0.01386798245	-0.0151
e8729_F44Sr1	3	JUL_M23	8729	431	44	Surface	0	-0.0223
e8730_F45Dr3	3	JUL_M23	8730	432	45	Deep	0.5505353981	-0.0307
e8731_F47Dr1	3	JUL_M23	8731	433	47	Deep	1.456890319	-0.0096
e8732_F47PRr3	3	JUL_M23	8732	434	47	Rhizosphere	0.01001315343	0.0095
e8733_F48PRr2	3	JUL_M23	8733	435	48	Rhizosphere	0.006675435619	0.0020
e8734_F49PRr1	3	JUL_M23	8734	436	49	Rhizosphere	0.01353891168	0.0155
e8735_F50Sr3	3	JUL_M23	8735	437	50	Surface	0.004701010999	-0.0424
e8736_F52Sr1	3	JUL_M23	8736	438	52	Surface	0.0197442462	0.0090
e8737_F53Sr3	3	JUL_M23	8737	439	53	Surface	0.01904971403	-0.0170
e8738_F44Sr2	3	JUL_M23	8738	440	44	Surface	0.00211545495	-0.1171
e8739_F45Sr1	3	JUL_M23	8739	441	45	Surface	0.1079352125	-0.0268
e8740_F48Dr1	3	JUL_M23	8740	442	48	Deep	0.4673275035	-0.0549
e8741_F48PRr3	3	JUL_M23	8741	443	48	Rhizosphere	0.03939447218	-0.0432
e8742_F49PRr2	3	JUL_M23	8742	444	49	Rhizosphere	0.02167166071	-0.0009
e8743_F50PRr1	3	JUL_M23	8743	445	50	Rhizosphere	0.01621848795	-0.0095
e8744_F51Sr3	3	JUL_M23	8744	446	51	Surface	0.7775942294	0.0048
e8745_F52Sr2	3	JUL_M23	8745	447	52	Surface	0	-0.0220
e8746_F53PRr1	3	JUL_M23	8746	448	53	Rhizosphere	0.03251209855	0.0081
e0592_S22PRr1	4	JUL_M25	592	0	22	Rhizosphere		
e0593_S22Sr1	4	JUL_M25	593	1	22	Surface		0.0654
e0594_S22Dr1	4	JUL_M25	594	2	22	Deep		0.0783
e0595_S28PRr1	4	JUL_M25	595	3	28	Rhizosphere		0.0406
e0596_S28Sr1	4	JUL_M25	596	4	28	Surface		0.0776
e0597_S28Dr2	4	JUL_M25	597	5	28	Deep		0.1002
e0598_S35PRr1	4	JUL_M25	598	6	35	Rhizosphere		-0.0090
e0599_S35Sr1	4	JUL_M25	599	7	35	Surface		-0.0678
e0600_S35Dr1	4	JUL_M25	600	8	35	Deep		-0.0885
e0601_S43PRr1	4	JUL_M25	601	9	43	Rhizosphere		0.0114
e0602_S43Sr1	4	JUL_M25	602	10	43	Surface		-0.0104
e0603_S43Dr1	4	JUL_M25	603	11	43	Deep		-0.1421
e0604_S53PRr1	4	JUL_M25	604	12	53	Rhizosphere		0.0022
e0605_S53Sr1	4	JUL_M25	605	13	53	Surface		-0.0220
e0606_S53Dr1	4	JUL_M25	606	14	53	Deep		-0.0080
e0607_S46PRr1	4	JUL_M25	607	15	46	Rhizosphere		-0.0340
e0608_S46Sr1	4	JUL_M25	608	16	46	Surface		0.0066
e0609_S46Dr1	4	JUL_M25	609	17	46	Deep		0.0074
e0610_S47PRr1	4	JUL_M25	610	18	47	Rhizosphere		-0.1049
e0611_S47Sr1	4	JUL_M25	611	19	47	Surface		-0.0471
e0612_S47Dr1	4	JUL_M25	612	20	47	Deep		-0.0185
e0613_S58PRr1	4	JUL_M25	613	21	58	Rhizosphere		0.0007
e0614_S58Sr1	4	JUL_M25	614	22	58	Surface		0.0003
e0615_S58Dr1	4	JUL_M25	615	23	58	Deep		0.0021
e0616_S13PRr1	4	JUL_M25	616	24	13	Rhizosphere		-0.0229
e0617_S13Sr1	4	JUL_M25	617	25	13	Surface		-0.0366
e0618_S13Dr1	4	JUL_M25	618	26	13	Deep		-0.0104
e0619_S25PRr1	4	JUL_M25	619	27	25	Rhizosphere		-0.0489
e0620_S25Sr1	4	JUL_M25	620	28	25	Surface		-0.0397
e0621_S25Dr1	4	JUL_M25	621	29	25	Deep		-0.0825
e0622_S54PRr1	4	JUL_M25	622	30	54	Rhizosphere		0.0002
e0623_S54Sr1	4	JUL_M25	623	31	54	Surface		-0.0273
e0624_S54Dr1	4	JUL_M25	624	32	54	Deep		-0.0128
e0625_S55PRr1	4	JUL_M25	625	33	55	Rhizosphere		-0.0039
e0626_S55Sr1	4	JUL_M25	626	34	55	Surface		-0.0149
e0627_S55Dr1	4	JUL_M25	627	35	55	Deep		0.0004
e0628_S44PRr1	4	JUL_M25	628	36	44	Rhizosphere		-0.0513
e0629_S44Sr1	4	JUL_M25	629	37	44	Surface		-0.0723
e0630_S44Dr1	4	JUL_M25	630	38	44	Deep		0.0350
e0631_S38PRr1	4	JUL_M25	631	39	38	Rhizosphere		0.0670
e0632_S38Sr1	4	JUL_M25	632	40	38	Surface		0.0088
e0633_S38Dr1	4	JUL_M25	633	41	38	Deep		0.0053
e0634_S41PRr1	4	JUL_M25	634	42	41	Rhizosphere		0.0766
e0635_S41Sr1	4	JUL_M25	635	43	41	Surface		0.1195
e0636_S41Dr1	4	JUL_M25	636	44	41	Deep		0.0643
e0637_S33PRr1	4	JUL_M25	637	45	33	Rhizosphere		0.0256
e0638_S33Sr1	4	JUL_M25	638	46	33	Surface		0.0416
e0639_S33Dr1	4	JUL_M25	639	47	33	Deep		-0.0556
e0640_S2Sr1	4	JUL_M25	640	48	2	Surface		0.0228
e0641_S2Dr1	4	JUL_M25	641	49	2	Deep		-0.0018
e0642_S27PRr1	4	JUL_M25	642	50	27	Rhizosphere		0.0417
e0643_S27Sr1	4	JUL_M25	643	51	27	Surface		0.0566
e0644_S27Dr1	4	JUL_M25	644	52	27	Deep		0.1067
e0645_S51PRr1	4	JUL_M25	645	53	51	Rhizosphere		0.0282
e0646_S51Sr1	4	JUL_M25	646	54	51	Surface		0.0079
e0647_S51Dr1	4	JUL_M25	647	55	51	Deep		-0.0034
e0648_S16PRr1	4	JUL_M25	648	56	16	Rhizosphere		0.0333
e0649_S16Sr1	4	JUL_M25	649	57	16	Surface		0.1485
e0650_S16Dr1	4	JUL_M25	650	58	16	Deep		0.1265
e0651_S56PRr1	4	JUL_M25	651	59	56	Rhizosphere		0.0216
e0652_S56Sr1	4	JUL_M25	652	60	56	Surface		0.0007
e0653_S56Dr1	4	JUL_M25	653	61	56	Deep		-0.0935
e0654_S57PRr1	4	JUL_M25	654	62	57	Rhizosphere		-0.0069
e0655_S57Sr1	4	JUL_M25	655	63	57	Surface		0.0324
e0656_S57Dr1	4	JUL_M25	656	64	57	Deep		-0.0394
e0657_S60PRr1	4	JUL_M25	657	65	60	Rhizosphere		0.0105
e0658_S60Sr1	4	JUL_M25	658	66	60	Surface		-0.0419
e0659_S60Dr1	4	JUL_M25	659	67	60	Deep		0.0052
e0660_S37PRr1	4	JUL_M25	660	68	37	Rhizosphere		-0.2103
e0661_S37Sr1	4	JUL_M25	661	69	37	Surface		-0.1987
e0662_S37Dr1	4	JUL_M25	662	70	37	Deep		-0.2135
e0663_S49PRr1	4	JUL_M25	663	71	49	Rhizosphere		0.0025
e0664_S49Sr1	4	JUL_M25	664	72	49	Surface		0.0184
e0665_S49Dr1	4	JUL_M25	665	73	49	Deep		-0.0132
e0666_S45PRr1	4	JUL_M25	666	74	45	Rhizosphere		-0.2415
e0667_S45Sr1	4	JUL_M25	667	75	45	Surface		-0.1067
e0668_S45Dr1	4	JUL_M25	668	76	45	Deep		0.0009
e0669_S59PRr1	4	JUL_M25	669	77	59	Rhizosphere		0.0364
e0670_S59Sr1	4	JUL_M25	670	78	59	Surface		0.0436
e0671_S59Dr1	4	JUL_M25	671	79	59	Deep		0.0710
e0672_S4PRr1	4	JUL_M25	672	80	4	Rhizosphere		0.1117
e0673_S4Sr1	4	JUL_M25	673	81	4	Surface		0.1180
e0674_S4Dr1	4	JUL_M25	674	82	4	Deep		0.0434
e0675_S8PRr1	4	JUL_M25	675	83	8	Rhizosphere		0.0662
e0676_S8Sr1	4	JUL_M25	676	84	8	Surface		0.0470
e0677_S8Dr1	4	JUL_M25	677	85	8	Deep		0.0095
e0678_S11PRr1	4	JUL_M25	678	86	11	Rhizosphere		-0.1351
e0679_S11Sr1	4	JUL_M25	679	87	11	Surface		-0.0030
e0680_S11Dr1	4	JUL_M25	680	88	11	Deep		-0.0420
e0681_S36Sr1	4	JUL_M25	681	89	36	Surface		-0.0312
e0682_S36PRr1	4	JUL_M25	682	90	36	Rhizosphere		0.0029
e0683_S36Dr1	4	JUL_M25	683	91	36	Deep		-0.0487
e0685_S6PRr1	4	JUL_M25	685	92	6	Rhizosphere		-0.0662
e0686_S6Sr1	4	JUL_M25	686	93	6	Surface		-0.0809
e0687_S6Dr1	4	JUL_M25	687	94	6	Deep		-0.1173
e0688_S9PRr1	4	JUL_M25	688	95	9	Rhizosphere		-0.0493
e0689_S9Sr1	4	JUL_M25	689	96	9	Surface		-0.0678
e0690_S9Dr1	4	JUL_M25	690	97	9	Deep		-0.0188
e0691_S12PRr1	4	JUL_M25	691	98	12	Rhizosphere		0.0052
e0692_S12Sr1	4	JUL_M25	692	99	12	Surface		0.0779
e0693_S12Dr1	4	JUL_M25	693	100	12	Deep		0.1186
e0694_S15PRr1	4	JUL_M25	694	101	15	Rhizosphere		0.0486
e0695_S15Sr1	4	JUL_M25	695	102	15	Surface		-0.0018
e0696_S15Dr1	4	JUL_M25	696	103	15	Deep		0.0081
e0697_S17PRr1	4	JUL_M25	697	104	17	Rhizosphere		0.0350
e0698_S17Sr1	4	JUL_M25	698	105	17	Surface		-0.0413
e0699_S17Dr1	4	JUL_M25	699	106	17	Deep		-0.1404
e0700_S23PRr1	4	JUL_M25	700	107	23	Rhizosphere		-0.0109
e0701_S23Sr1	4	JUL_M25	701	108	23	Surface		-0.0070
e0702_S23Dr1	4	JUL_M25	702	109	23	Deep		0.0039
e0703_S29PRr1	4	JUL_M25	703	110	29	Rhizosphere		-0.1669
e0704_S29Sr1	4	JUL_M25	704	111	29	Surface		-0.1501
e0705_S29Dr1	4	JUL_M25	705	112	29	Deep		-0.0482
e0706_S30PRr1	4	JUL_M25	706	113	30	Rhizosphere		0.0247
e0707_S30Sr1	4	JUL_M25	707	114	30	Surface		0.0919
e0708_S30Dr1	4	JUL_M25	708	115	30	Deep		0.0071
e0709_S3PRr1	4	JUL_M25	709	116	3	Rhizosphere		-0.0040
e0710_S3Sr1	4	JUL_M25	710	117	3	Surface		-0.0023
e0711_S3Dr1	4	JUL_M25	711	118	3	Deep		0.0882
e0712_S7PRr1	4	JUL_M25	712	119	7	Rhizosphere		-0.0516
e0713_S7Sr1	4	JUL_M25	713	120	7	Surface		-0.0822
e0714_S7Dr1	4	JUL_M25	714	121	7	Deep		-0.1530
e0715_S14PRr1	4	JUL_M25	715	122	14	Rhizosphere		0.0052
e0716_S14Sr1	4	JUL_M25	716	123	14	Surface		-0.0297
e0717_S14Dr1	4	JUL_M25	717	124	14	Deep		-0.0789
e0718_S21PRr1	4	JUL_M25	718	125	21	Rhizosphere		-0.0336
e0719_S21Sr1	4	JUL_M25	719	126	21	Surface		-0.0901
e0720_S21Dr1	4	JUL_M25	720	127	21	Deep		-0.0769
e0721_S31PRr1	4	JUL_M25	721	128	31	Rhizosphere		-0.0076
e0722_S31Sr1	4	JUL_M25	722	129	31	Surface		0.0270
e0723_S31Dr1	4	JUL_M25	723	130	31	Deep		0.0737
e0724_S48PRr1	4	JUL_M25	724	131	48	Rhizosphere		-0.0497
e0725_S48Sr1	4	JUL_M25	725	132	48	Surface		-0.0563
e0726_S48Dr1	4	JUL_M25	726	133	48	Deep		-0.0047
e0727_S32PRr1	4	JUL_M25	727	134	32	Rhizosphere		-0.0535
e0728_S32Sr1	4	JUL_M25	728	135	32	Surface		-0.1602
e0729_S32Dr1	4	JUL_M25	729	136	32	Deep		-0.0492
e0730_S39PRr1	4	JUL_M25	730	137	39	Rhizosphere		0.0003
e0731_S39Sr1	4	JUL_M25	731	138	39	Surface		0.0162
e0732_S39Dr1	4	JUL_M25	732	139	39	Deep		0.0284
e0733_S50PRr1	4	JUL_M25	733	140	50	Rhizosphere		0.0117
e0734_S50Sr1	4	JUL_M25	734	141	50	Surface		0.0368
e0735_S50Dr1	4	JUL_M25	735	142	50	Deep		-0.0685
e0736_S1PRr1	4	JUL_M25	736	143	1	Rhizosphere		0.0083
e0737_S1Sr1	4	JUL_M25	737	144	1	Surface		0.0975
e0738_S1Dr1	4	JUL_M25	738	145	1	Deep		-0.0538
e0739_S5PRr1	4	JUL_M25	739	146	5	Rhizosphere		0.0486
e0740_S5Sr1	4	JUL_M25	740	147	5	Surface		0.0037
e0741_S5Dr1	4	JUL_M25	741	148	5	Deep		-0.0245
e0742_S10PRr1	4	JUL_M25	742	149	10	Rhizosphere		-0.0069
e0743_S10Sr1	4	JUL_M25	743	150	10	Surface		-0.0424
e0744_S10Dr1	4	JUL_M25	744	151	10	Deep		0.0458
e0745_S20PRr1	4	JUL_M25	745	152	20	Rhizosphere		0.0807
e0746_S20Sr1	4	JUL_M25	746	153	20	Surface		0.1208
e0747_S20Dr1	4	JUL_M25	747	154	20	Deep		0.0862
e0748_S24PRr1	4	JUL_M25	748	155	24	Rhizosphere		0.0311
e0749_S24Sr1	4	JUL_M25	749	156	24	Surface		-0.0159
e0750_S24Dr1	4	JUL_M25	750	157	24	Deep		-0.0589
e0751_S34PRr1	4	JUL_M25	751	158	34	Rhizosphere		-0.0613
e0752_S34Sr1	4	JUL_M25	752	159	34	Surface		-0.0831
e0754_S40Sr1	4	JUL_M25	754	160	40	Surface		-0.0287
e0755_S40Dr1	4	JUL_M25	755	161	40	Deep		-0.0157
e0756_S52PRr1	4	JUL_M25	756	162	52	Rhizosphere		-0.0361
e0757_S52Sr1	4	JUL_M25	757	163	52	Surface		-0.0010
e0758_S52Dr1	4	JUL_M25	758	164	52	Deep		-0.0005
e0759_S19PRr1	4	JUL_M25	759	165	19	Rhizosphere		-0.1184
e0760_S19Sr1	4	JUL_M25	760	166	19	Surface		-0.1591
e0761_S19Dr1	4	JUL_M25	761	167	19	Deep		-0.0386
e0762_S26PRr1	4	JUL_M25	762	168	26	Rhizosphere		0.0127
e0763_S26Sr1	4	JUL_M25	763	169	26	Surface		-0.0422
e0764_S26Dr1	4	JUL_M25	764	170	26	Deep		-0.1593
e0765_S42PRr1	4	JUL_M25	765	171	42	Rhizosphere		0.0015
e0766_S42Sr1	4	JUL_M25	766	172	42	Surface		-0.0087
e0767_S42Dr1	4	JUL_M25	767	173	42	Deep		-0.0006
e0876_S18PRr1	4	JUL_M25	876	174	18	Rhizosphere		-0.0173
e0877_S18Sr1	4	JUL_M25	877	175	18	Surface		-0.1553
e0878_S18Dr1	4	JUL_M25	878	176	18	Deep		
V32PRr1	5	T5_M25	8128	0	32	Rhizosphere		0.1928
V26Sr2	5	T5_M25	8129	1	26	Surface		0.1358
V14Sr1	5	T5_M25	8130	2	14	Surface		0.0948
V7Dr3	5	T5_M25	8131	3	7	Deep		0.1039
V16Sr1O	5	T5_M25	8132	4	16	Surface		-0.0176
V26PRr1	5	T5_M25	8133	5	26	Rhizosphere		-0.1059
V45Dr1	5	T5_M25	8134	6	45	Deep		-0.0003
V37Dr1	5	T5_M25	8135	7	37	Deep		0.0640
V28Dr3	5	T5_M25	8136	8	28	Deep		0.0141
V19Dr3	5	T5_M25	8137	9	19	Deep		0.0573
V39Sr2	5	T5_M25	8138	10	39	Surface		0.0983
V29PRr2	5	T5_M25	8139	11	29	Rhizosphere		0.0526
V38Sr2	5	T5_M25	8140	12	38	Surface		0.1033
V44Dr1	5	T5_M25	8141	13	44	Deep		0.0364
V26Dr3	5	T5_M25	8142	14	26	Deep		0.0079
V22PRr2	5	T5_M25	8143	15	22	Rhizosphere		0.0009
V17Dr1	5	T5_M25	8144	16	17	Deep	0.06	0.0421
V1Dr1	5	T5_M25	8145	17	1	Deep		-0.0015
V40Sr3	5	T5_M25	8146	18	40	Surface		-0.0218
V45Sr3	5	T5_M25	8147	19	45	Surface		0.0083
V10Dr1	5	T5_M25	8148	20	10	Deep		0.0508
V24PRr3	5	T5_M25	8149	21	24	Rhizosphere		-0.0033
V14Dr3	5	T5_M25	8150	22	14	Deep		0.0839
V42PRr2	5	T5_M25	8151	23	42	Rhizosphere		0.0506
V42Sr2	5	T5_M25	8152	24	42	Surface		0.1194
V19Sr3	5	T5_M25	8153	25	19	Surface		0.1125
V21Sr3	5	T5_M25	8154	26	21	Surface		0.1124
V11Sr2	5	T5_M25	8155	27	11	Surface		0.0367
V4Dr3	5	T5_M25	8157	28	4	Deep		0.0069
V4Sr3	5	T5_M25	8159	29	4	Surface		0.0161
V26Dr2	5	T5_M25	8160	30	26	Deep		0.0932
V34Dr2	5	T5_M25	8161	31	34	Deep		0.1368
V29PRr3	5	T5_M25	8162	32	29	Rhizosphere		0.0905
V26PRr2	5	T5_M25	8163	33	26	Rhizosphere		0.1267
V4Sr1	5	T5_M25	8164	34	4	Surface	0.05	0.0740
V43Dr2	5	T5_M25	8166	35	43	Deep		0.0422
V6Sr3	5	T5_M25	8167	36	6	Surface		0.0978
V30Sr2	5	T5_M25	8168	37	30	Surface		0.1165
V39Dr1	5	T5_M25	8169	38	39	Deep		0.0750
V23PRr1	5	T5_M25	8170	39	23	Rhizosphere		0.0337
V32PRr3	5	T5_M25	8171	40	32	Rhizosphere		0.0156
V58PRr3	5	T5_M25	8172	41	58	Rhizosphere		-0.0010
V17PRr3	5	T5_M25	8173	42	17	Rhizosphere		-0.0184
V24Dr1	5	T5_M25	8174	43	24	Deep		0.0100
V12Dr3	5	T5_M25	8175	44	12	Deep		0.0351
V6Sr1	5	T5_M25	8176	45	6	Surface	0.05	-0.0289
V28PRr2	5	T5_M25	8177	46	28	Rhizosphere		0.0184
V8PRr3	5	T5_M25	8178	47	8	Rhizosphere		0.0143
V43Dr1	5	T5_M25	8179	48	43	Deep		0.0164
V9PRr3	5	T5_M25	8180	49	9	Rhizosphere		0.0499
V25PRr1	5	T5_M25	8181	50	25	Rhizosphere		0.0978
V19PRr2	5	T5_M25	8182	51	19	Rhizosphere		0.1625
V7PRr3	5	T5_M25	8183	52	7	Rhizosphere		-0.0420
V25Dr3	5	T5_M25	8184	53	25	Deep		0.0257
V30PRr1	5	T5_M25	8185	54	30	Rhizosphere		0.0055
V5Dr1	5	T5_M25	8186	55	5	Deep		0.0152
V19Dr2	5	T5_M25	8187	56	19	Deep		-0.0606
V47PRr3	5	T5_M25	8188	57	47	Rhizosphere		-0.0030
V8PRr2	5	T5_M25	8189	58	8	Rhizosphere		0.0519
V44PRr2	5	T5_M25	8190	59	44	Rhizosphere		0.0499
V43PRr3	5	T5_M25	8191	60	43	Rhizosphere		0.0064
V13PRr2	5	T5_M25	8192	61	13	Rhizosphere		-0.0373
V41Dr3	5	T5_M25	8193	62	41	Deep		-0.0001
V11PRr3	5	T5_M25	8194	63	11	Rhizosphere		-0.0235
V7PRr2	5	T5_M25	8195	64	7	Rhizosphere		-0.0349
V45Dr2	5	T5_M25	8196	65	45	Deep		0.0087
V58PRr1	5	T5_M25	8197	66	58	Rhizosphere		0.0108
V13PRr1	5	T5_M25	8198	67	13	Rhizosphere		-0.0127
V4Dr2	5	T5_M25	8199	68	4	Deep		0.0281
V9PRr1	5	T5_M25	8200	69	9	Rhizosphere		0.0354
V35Dr1	5	T5_M25	8201	70	35	Deep		0.1238
V23Dr1	5	T5_M25	8202	71	23	Deep		0.0936
V5Sr3	5	T5_M25	8203	72	5	Surface		0.0564
V6Dr1	5	T5_M25	8204	73	6	Deep	0.05	0.0702
V38PRr3	5	T5_M25	8205	74	38	Rhizosphere		0.0374
V12PRr1	5	T5_M25	8206	75	12	Rhizosphere		0.0423
V4Dr1	5	T5_M25	8207	76	4	Deep	0.05	0.0723
V12PRr3	5	T5_M25	8208	77	12	Rhizosphere		0.0576
V40PRr3	5	T5_M25	8209	78	40	Rhizosphere		0.0492
V28PRr3	5	T5_M25	8210	79	28	Rhizosphere		0.0415
V1PRr1	5	T5_M25	8211	80	1	Rhizosphere		0.0320
V32PRr2	5	T5_M25	8212	81	32	Rhizosphere		0.0419
V2Sr2	5	T5_M25	8213	82	2	Surface		0.1165
V1PRr2	5	T5_M25	8214	83	1	Rhizosphere		0.0286
V1PRr3	5	T5_M25	8215	84	1	Rhizosphere		0.0453
V47PRr1	5	T5_M25	8216	85	47	Rhizosphere		-0.0044
V12PRr2	5	T5_M25	8217	86	12	Rhizosphere		0.0321
V25PRr2	5	T5_M25	8218	87	25	Rhizosphere		0.0413
V8PRr1	5	T5_M25	8219	88	8	Rhizosphere		0.0277
V57PRr3	5	T5_M25	8220	89	57	Rhizosphere		-0.0088
V39Dr3	5	T5_M25	8221	90	39	Deep		0.0482
V27Dr2	5	T5_M25	8222	91	27	Deep		0.0236
V23PRr2	5	T5_M25	8223	92	23	Rhizosphere		-0.0116
V12Sr1	5	T5_M25	8224	93	12	Surface		0.0311
V21PRr1	5	T5_M25	8225	94	21	Rhizosphere		0.0037
V30PRr2	5	T5_M25	8226	95	30	Rhizosphere		0.0009
V51PRr3	5	T5_M25	8227	96	51	Rhizosphere		-0.0012
V17Dr2	5	T5_M25	8228	97	17	Deep		-0.0397
V14PRr3	5	T5_M25	8229	98	14	Rhizosphere		-0.0095
V5PRr1	5	T5_M25	8230	99	5	Rhizosphere		-0.0044
V43Dr3	5	T5_M25	8231	100	43	Deep		0.0176
V27Dr3	5	T5_M25	8232	101	27	Deep		0.0015
V15Sr1	5	T5_M25	8233	102	15	Surface		-0.0225
V45Dr3	5	T5_M25	8234	103	45	Deep		-0.0107
V53PRr2	5	T5_M25	8235	104	53	Rhizosphere		-0.0000
V24PRr1	5	T5_M25	8236	105	24	Rhizosphere		-0.0580
V21PRr2	5	T5_M25	8237	106	21	Rhizosphere		0.0241
V21PRr3	5	T5_M25	8238	107	21	Rhizosphere		0.0385
V47PRr2	5	T5_M25	8239	108	47	Rhizosphere		-0.0652
V28PRr1	5	T5_M25	8240	109	28	Rhizosphere		0.0028
V9PRr2	5	T5_M25	8241	110	9	Rhizosphere		-0.0292
V5PRr2	5	T5_M25	8242	111	5	Rhizosphere		-0.0521
V14PRr1	5	T5_M25	8243	112	14	Rhizosphere		0.0050
V7PRr1O	5	T5_M25	8244	113	7	Rhizosphere		-0.0146
V16PRr1	5	T5_M25	8245	114	16	Rhizosphere		0.0136
V45PRr3	5	T5_M25	8246	115	45	Rhizosphere		0.0121
V34PRr3	5	T5_M25	8247	116	34	Rhizosphere		0.0087
V54PRr1	5	T5_M25	8248	117	54	Rhizosphere		-0.0016
V43PRr2	5	T5_M25	8249	118	43	Rhizosphere		-0.0024
V55Dr1	5	T5_M25	8250	119	55	Deep		0.0124
V39PRr2	5	T5_M25	8251	120	39	Rhizosphere		-0.0076
V2Dr2	5	T5_M25	8252	121	2	Deep		-0.0707
V5PRr1T	5	T5_M25	8253	122	5	Rhizosphere		-0.0091
V7PRr1T	5	T5_M25	8254	123	7	Rhizosphere		0.0089
V16PRr2	5	T5_M25	8255	124	16	Rhizosphere		0.0054
V55PRr2	5	T5_M25	8256	125	55	Rhizosphere		0.0034
V20PRr1	5	T5_M25	8257	126	20	Rhizosphere		-0.0542
V43PRr1	5	T5_M25	8258	127	43	Rhizosphere		-0.0456
V55PRr3	5	T5_M25	8259	128	55	Rhizosphere		0.0257
V4PRr2	5	T5_M25	8260	129	4	Rhizosphere		-0.0158
V48Dr1	5	T5_M25	8261	130	48	Deep		0.0137
V5PRr3	5	T5_M25	8262	131	5	Rhizosphere		-0.0021
V40PRr2	5	T5_M25	8263	132	40	Rhizosphere		-0.0406
V57PRr2	5	T5_M25	8264	133	57	Rhizosphere		-0.0027
V3PRr2	5	T5_M25	8265	134	3	Rhizosphere		0.0534
V20PRr2	5	T5_M25	8266	135	20	Rhizosphere		0.0627
V44PRr1	5	T5_M25	8267	136	44	Rhizosphere		0.0489
V19PRr3	5	T5_M25	8268	137	19	Rhizosphere		0.1263
V17PRr2	5	T5_M25	8269	138	17	Rhizosphere		0.0569
V20PRr3	5	T5_M25	8270	139	20	Rhizosphere		0.0870
V34PRr2	5	T5_M25	8271	140	34	Rhizosphere		-0.0009
V37PRr3	5	T5_M25	8272	141	37	Rhizosphere		-0.0051
V58PRr2	5	T5_M25	8273	142	58	Rhizosphere		-0.0033
V2PRr2	5	T5_M25	8274	143	2	Rhizosphere		0.0453
V2PRr3	5	T5_M25	8275	144	2	Rhizosphere		0.0067
V18PRr3	5	T5_M25	8276	145	18	Rhizosphere		0.0090
V51PRr2	5	T5_M25	8277	146	51	Rhizosphere		-0.0049
V34PRr1	5	T5_M25	8278	147	34	Rhizosphere	1.45	-0.0455
V16PRr3	5	T5_M25	8279	148	16	Rhizosphere		-0.0165
V45PRr2	5	T5_M25	8280	149	45	Rhizosphere		0.0353
V60PRr1O	5	T5_M25	8281	150	60	Rhizosphere		0.0418
V4PRr3	5	T5_M25	8282	151	4	Rhizosphere		0.0164
V27PRr2	5	T5_M25	8283	152	27	Rhizosphere		0.0518
V46PRr3	5	T5_M25	8284	153	46	Rhizosphere		0.0183
V54PRr2	5	T5_M25	8285	154	54	Rhizosphere		0.0742
V2Dr1	5	T5_M25	8286	155	2	Deep		-0.0409
V45PRr1	5	T5_M25	8287	156	45	Rhizosphere		0.0530
V55Sr2	5	T5_M25	8288	157	55	Surface		0.0175
V60PRr2	5	T5_M25	8289	158	60	Rhizosphere		0.0282
V4PRr1	5	T5_M25	8290	159	4	Rhizosphere	7.23	0.0061
V6PRr3	5	T5_M25	8291	160	6	Rhizosphere		0.0629
V37PRr2	5	T5_M25	8292	161	37	Rhizosphere		0.0194
V3PRr3	5	T5_M25	8293	162	3	Rhizosphere		0.0077
V18PRr2	5	T5_M25	8294	163	18	Rhizosphere		0.0490
V48Dr2	5	T5_M25	8295	164	48	Deep		0.0163
V2PRr1	5	T5_M25	8296	165	2	Rhizosphere		0.0256
V17PRr1	5	T5_M25	8297	166	17	Rhizosphere	3.28	-0.0282
V35PRr3	5	T5_M25	8298	167	35	Rhizosphere		0.0010
V6PRr2	5	T5_M25	8299	168	6	Rhizosphere		0.0020
V14PRr2	5	T5_M25	8300	169	14	Rhizosphere		0.0079
V54PRr3	5	T5_M25	8301	170	54	Rhizosphere		0.0145
V6PRr1	5	T5_M25	8302	171	6	Rhizosphere	1.22	-0.0321
V15PRr3	5	T5_M25	8303	172	15	Rhizosphere		0.0079
V55Sr3	5	T5_M25	8304	173	55	Surface		0.0183
V15PRr2	5	T5_M25	8305	174	15	Rhizosphere		-0.0213
V33PRr1	5	T5_M25	8306	175	33	Rhizosphere		0.0078
V27PRr3	5	T5_M25	8307	176	27	Rhizosphere		0.0244
V46PRr2	5	T5_M25	8308	177	46	Rhizosphere		-0.0049
V55PRr1	5	T5_M25	8309	178	55	Rhizosphere		-0.0131
V60PRr1	5	T5_M25	8310	179	60	Rhizosphere		-0.0023
V28Dr1	5	T5_M25	8311	180	28	Deep		-0.0975
V21Dr2	5	T5_M25	8312	181	21	Deep		0.0431
V27PRr1	5	T5_M25	8313	182	27	Rhizosphere		0.0341
V5Sr1	5	T5_M25	8314	183	5	Surface		0.0851
V19PRr1	5	T5_M25	8315	184	19	Rhizosphere	0.114	0.0734
V48Dr3	5	T5_M25	8316	185	48	Deep		0.0015
V25Sr2	5	T5_M25	8317	186	25	Surface		0.0197
V15Dr1	5	T5_M25	8318	187	15	Deep		-0.0158
V31Dr1	5	T5_M25	8319	188	31	Deep		0.0386
V46PRr1	5	T5_M25	8320	189	46	Rhizosphere		-0.0329
V7PRr1	5	T5_M25	8321	190	7	Rhizosphere	0.184	0.0529
V20Sr2	5	T5_M25	8322	191	20	Surface		0.0260
V16Dr3	5	T5_M25	8325	192	16	Deep		0.0693
V15Dr2	5	T5_M25	8326	193	15	Deep		0.0558
V31Dr3	5	T5_M25	8327	194	31	Deep		0.0418
V40PRr1	5	T5_M25	8328	195	40	Rhizosphere		0.0543
V7Dr3R	5	T5_M25	8329	196	7	Deep		0.0356
V25PRr3	5	T5_M25	8330	197	25	Rhizosphere		0.0294
V12Sr3	5	T5_M25	8332	198	12	Surface		0.0086
V15Dr3	5	T5_M25	8333	199	15	Deep		0.0051
V40Dr1	5	T5_M25	8334	200	40	Deep		0.0058
V15PRr1	5	T5_M25	8335	201	15	Rhizosphere		-0.0021
V8Dr3	5	T5_M25	8336	202	8	Deep		-0.0226
V30PRr3	5	T5_M25	8337	203	30	Rhizosphere		0.0132
V1Dr3	5	T5_M25	8340	204	1	Deep		-0.0460
V21PRr1RE	5	T5_M25	8341	205	21	Rhizosphere		-0.0320
V49Dr2	5	T5_M25	8342	206	49	Deep		-0.0108
V16PRr1O	5	T5_M25	8343	207	16	Rhizosphere		0.0072
V10PRr2	5	T5_M25	8344	208	10	Rhizosphere		-0.0301
V33PRr2	5	T5_M25	8345	209	33	Rhizosphere		0.0006
V2Sr1	5	T5_M25	8347	210	2	Surface		-0.0113
V21PRr2RE	5	T5_M25	8348	211	21	Rhizosphere		-0.0233
V50PRr2	5	T5_M25	8349	212	50	Rhizosphere		-0.0305
V35PRr2	5	T5_M25	8350	213	35	Rhizosphere		-0.0045
V11PRr2	5	T5_M25	8351	214	11	Rhizosphere		0.0092
V33PRr3	5	T5_M25	8352	215	33	Rhizosphere		0.0071
V25Sr3	5	T5_M25	8355	216	25	Surface		-0.0838
V21PRr3RE	5	T5_M25	8356	217	21	Rhizosphere		-0.0120
V39PRr1	5	T5_M25	8357	218	39	Rhizosphere		0.0035
V35PRr1	5	T5_M25	8358	219	35	Rhizosphere		-0.0105
V13Sr3	5	T5_M25	8359	220	13	Surface		-0.0010
V35PRr3R	5	T5_M25	8360	221	35	Rhizosphere		0.0154
V11Dr3	5	T5_M25	8361	222	11	Deep		-0.0046
V21Dr1	5	T5_M25	8362	223	21	Deep		-0.0247
V3PRr1	5	T5_M25	8363	224	3	Rhizosphere		-0.0255
V39PRr3	5	T5_M25	8364	225	39	Rhizosphere		-0.0153
V15Sr2	5	T5_M25	8365	226	15	Surface		-0.0438
V48PRr1	5	T5_M25	8366	227	48	Rhizosphere		-0.0108
V16Dr1O	5	T5_M25	8368	228	16	Deep		0.0321
V5Dr1T	5	T5_M25	8373	229	5	Deep		0.0295
V7Dr1T	5	T5_M25	8378	230	7	Deep		0.0588
V16PRr1T	5	T5_M25	8381	231	16	Rhizosphere		-0.0049
V16Dr1T	5	T5_M25	8384	232	16	Deep		0.0910
